  2.1839
  1.5378
  0.5381
  1.1025
  2.1614
  0.8342
  2.0234
 -0.1198
 -0.9461
  0.7311
 -0.4083
 -0.4864
 -1.9502
 -0.8633
 -1.0229
 -2.3825
  0.9896
  0.8265
 -0.3908
 -2.0716
 -0.7092
 -0.0032
  0.7295
  1.8306
  1.2264
  1.0246
  2.0928
  2.1985
  1.8558
  1.0050
  0.3243
  0.0160
  1.6184
 -0.1057
  1.3768
  1.1969
  0.8186
  1.1499
  1.8195
  1.2787
 -0.1573
  0.1681
  0.4787
 -0.3984
 -1.1890
 -0.9077
  1.7228
  0.9916
 -1.4672
 -0.8577
  0.8030
  0.6713
  0.0686
  0.2751
  0.0830
  0.4669
  0.6556
  3.9432
  0.1200
 -0.8769
  0.9851
  0.0232
  1.1139
  0.5892
  0.4235
 -0.0790
 -0.1927
  0.2345
  0.1185
  1.2854
 -1.6853
 -1.4921
 -0.6032
 -0.7846
  0.4844
  0.5923
 -0.4456
 -0.6237
  1.5588
 -0.6800
 -0.0530
  2.6234
  0.5046
  1.4754
  0.6137
  1.5201
 -0.2498
 -1.3894
 -0.6972
  0.7407
 -0.9530
  0.2355
  1.2474
 -1.6984
  0.4735
 -1.0464
  0.9288
  0.3524
  0.9146
  3.3722
 -0.7651
  2.9263
  0.4368
  2.3436
  1.8016
  0.0296
  1.7078
  2.9591
  1.8263
 -0.4643
  0.1687
 -0.3494
 -0.3652
  0.2029
  0.9573
 -0.2913
 -2.0186
  0.1027
  0.2976
 -0.5089
  2.1188
 -0.3065
  1.7018
 -0.1679
  1.3241
  0.1781
  1.4997
  1.5597
  2.1743
  0.9212
  0.4238
  1.2578
  1.1360
  1.0541
  1.3083
  1.8185
  0.4440
  2.4781
  0.9332
 -0.1413
 -0.5645
 -1.0847
 -1.2270
  0.2200
 -0.7476
  1.0070
 -0.4286
 -0.8195
 -1.0035
  0.8287
 -0.1998
  0.6981
  0.7189
  0.8392
  0.8504
  0.6812
  2.7543
  0.8017
  1.7689
  1.5121
  2.0977
 -0.1712
  0.0589
 -2.7085
 -0.0803
 -1.1455
 -0.9357
  1.7273
 -0.5912
  0.1391
 -1.2718
 -1.0035
  0.0510
 -1.1730
 -1.3775
  0.5556
  0.6134
 -0.1314
 -0.1251
  1.3412
 -1.9578
  1.1511
  0.1956
  2.1118
  0.5133
 -0.0286
 -0.2703
 -1.1616
 -1.4996
 -1.3609
  0.3732
  0.0102
  0.8138
 -1.0343
  0.9848
 -0.0361
  0.6139
 -0.4186
  0.2533
  2.2973
  2.9785
  2.3169
  0.9154
  2.3529
  0.0091
  1.2513
  2.1344
  2.9136
 -0.1282
  0.5228
  0.0933
 -2.4468
 -1.3882
 -0.2392
 -0.6292
  0.0665
 -0.4852
  0.2701
 -0.3113
 -0.6043
 -0.1496
 -0.6563
  1.2846
  0.4712
  2.3781
  0.7010
  0.5717
  1.3295
 -0.3253
  1.1914
  1.8079
  2.1126
 -0.9467
  1.4257
  2.0556
  1.6713
  0.7388
  2.5621
  0.4654
  0.8377
  0.1361
 -0.4877
 -2.7888
 -0.7203
 -0.9741
  1.7905
 -1.0570
  0.5480
 -0.6165
 -1.9486
  1.7378
 -1.2411
  1.4831
  0.8626
  0.6000
  1.5341
  2.8737
  4.6152
  0.3254
 -1.4916
  1.0906
  0.3442
  0.3180
  2.0353
  0.2979
  0.0027
 -1.1497
 -0.0821
 -0.1545
  0.8119
 -0.0519
  0.3644
 -0.6389
 -1.5735
 -1.0769
  0.7453
  1.2239
  1.4715
 -0.3536
  0.9820
 -0.2631
  0.8607
  1.5146
  0.7321
 -0.2036
  1.3065
  1.0757
 -1.1396
  0.3052
  0.6581
  1.5454
 -0.3322
  0.6804
  0.2558
  1.2499
  0.6250
  2.0858
 -0.1183
  0.4314
  2.0459
  2.4377
  1.4895
 -0.5289
  0.8554
  0.0720
  0.9532
  2.2229
 -1.8137
  1.6323
  1.5767
 -0.4691
  1.3429
  1.2253
  0.7270
  0.0443
 -0.4250
 -0.1670
  0.9833
 -0.9707
 -1.2279
  2.2464
  0.1439
  0.9818
  0.8588
  1.1286
  1.7404
  0.1096
  0.3598
  0.9800
 -0.4234
  1.6063
  1.2876
  1.0393
 -0.2272
  3.8226
  1.6100
  1.8736
  0.4415
  1.0612
 -1.9151
 -1.7879
  0.5562
  0.9032
 -1.7943
  0.5729
 -0.0578
 -0.5933
 -0.0268
 -0.6973
  0.8970
 -2.0243
 -0.8477
  1.9503
  1.4627
  1.6024
  0.8224
  0.0238
  2.6034
  1.7462
  1.2054
  0.4421
 -0.5109
 -0.8829
  1.2515
 -0.4351
  1.3799
  0.0560
  0.2796
  1.6042
 -0.2836
 -1.0133
  0.6435
 -0.0145
 -0.2098
 -1.1149
 -1.2215
  0.5436
 -0.4474
 -0.1633
  1.2437
  0.2008
  1.2397
  0.3678
  2.5320
  1.3002
 -0.3156
  1.7484
 -0.9156
  0.0905
 -0.1708
  1.2439
  0.3553
 -0.6932
  0.5487
 -0.9060
  0.8068
  2.6622
  0.2416
 -1.3735
  1.7908
  1.1926
  2.3957
  0.8427
  1.2618
 -1.7457
  3.0368
  1.3515
 -1.0273
  0.5567
  1.2380
  0.5456
 -1.5122
 -0.7164
  0.6443
  1.6402
  1.0674
  1.6788
  0.5386
 -0.9347
  2.5432
 -0.0623
 -0.2610
  0.0327
  1.5514
  2.2661
 -0.1366
 -0.1564
  0.8201
 -0.6340
 -0.0504
  1.8875
  1.6582
  2.4943
  1.9274
  0.1133
  2.5256
  0.8874
  0.1902
  1.8898
 -1.5148
 -0.6160
  0.3779
 -1.0688
  0.2780
  0.1257
  2.2453
  0.3698
 -0.5521
  1.3167
 -2.3077
 -0.0619
 -1.0548
  1.1282
 -1.1032
  2.7209
 -0.2402
  0.8032
 -0.0229
  0.5128
 -1.7063
 -1.0667
 -0.1037
 -1.7370
 -0.3099
  1.2911
  1.0410
 -1.1283
 -0.8052
 -0.4843
  0.3185
 -0.2639
  0.0574
 -0.6518
  1.7856
  0.7017
  1.3763
 -1.5694
 -1.0706
 -0.7860
  0.2914
  2.1443
  2.1745
  1.2730
  0.9147
  1.9978
 -0.8705
 -0.4841
  0.0601
  0.0837
  0.5276
 -0.6012
  0.3948
  0.5910
  0.9413
  0.3592
  1.6441
  2.4323
  2.3895
  0.0496
  1.5942
  1.0956
  1.6953
  0.3414
  0.1255
  1.2596
 -0.1436
 -0.1825
 -0.3101
 -0.0281
 -1.5738
  0.9110
 -2.5487
  0.6364
 -1.2549
 -1.8689
  1.4455
 -0.1778
  0.4297
 -0.1757
 -0.0856
 -0.5593
  0.9786
 -0.9297
 -0.1657
  0.9447
  0.3395
  1.5249
  0.8183
 -0.3407
  0.6033
  0.0396
  2.6663
  1.6725
  1.7660
  1.3116
  1.5840
  1.5787
  0.8338
  1.8547
  1.5272
  0.8194
 -0.4439
  0.5249
 -0.2512
  0.5774
 -0.2089
  1.3404
  1.2040
 -0.6175
 -0.0470
  0.1914
  0.9309
 -1.0461
  1.1732
  0.7399
  1.2381
  0.9567
  1.1008
 -0.9272
  0.1334
 -0.7251
  0.5104
 -0.3228
 -0.3267
 -1.0595
  0.7107
 -1.8202
 -0.3294
  0.1661
  1.4795
 -0.7052
  0.0579
 -0.8105
  2.5049
  0.4658
 -0.0009
 -0.2345
  0.3605
 -0.2602
  2.0818
  0.3850
  0.1891
 -0.6505
  0.4319
  1.6072
  2.0738
  0.1250
  0.2955
  0.7298
  0.2652
 -1.0223
  0.2508
 -0.8253
 -0.8780
  0.4652
 -0.3219
 -2.5657
  2.3486
  0.5613
  0.5636
  1.2556
  1.2846
  0.9249
 -0.7081
  1.0824
  0.8992
  2.2809
 -0.1173
  1.1040
  1.3661
  0.1882
 -0.1510
  2.1794
 -0.2334
 -0.0688
 -2.0333
  0.7443
 -1.2790
  0.7519
 -0.1113
  0.0668
  0.0422
  0.8842
  0.7450
  0.5678
  0.8790
  0.3691
  1.1833
  1.9144
  0.1327
  1.7759
  1.2955
  0.5189
 -0.2198
 -0.3445
  1.3622
  2.9614
  0.6122
  1.2408
  2.3589
 -0.6859
  0.8452
  1.6536
  0.6679
 -0.1675
  0.4667
 -0.9586
  0.0531
 -1.1757
 -1.7995
 -0.9009
  0.5971
  1.1891
  0.8808
 -0.4756
  0.8220
  0.6714
 -0.1877
  1.3360
 -0.7121
 -0.8585
 -0.1262
 -0.5406
 -1.4576
  1.2475
  2.7312
 -0.4487
 -0.1724
  0.0376
  0.1288
  1.0589
  0.5793
  0.3341
  1.3285
 -0.7647
 -1.4775
  0.4156
 -0.9059
  0.4384
  1.9932
  1.1936
 -0.6631
 -0.9759
  2.3656
  2.0118
  1.4101
  2.3368
 -1.0131
 -1.6445
 -0.1663
 -0.4308
  0.5876
  0.8486
 -2.0294
 -0.0474
  1.1955
  1.5045
 -2.7642
 -0.8307
  0.3372
  0.0741
  0.0673
  0.6248
  1.6686
  2.5396
  0.6571
  1.0617
 -1.5758
 -0.6510
  0.8586
  1.0049
 -0.9827
  0.9982
  1.0526
  0.6707
 -0.1445
  2.0595
  1.0661
  1.1689
  0.7007
  2.6415
  1.2469
 -0.5563
  1.6905
  1.8098
  1.4136
  1.4584
  0.3213
  0.9871
 -0.1319
  0.1478
 -0.2129
  2.0778
  1.1290
  0.4284
  1.3101
  3.2174
 -0.4056
  2.2867
  0.5563
  0.2382
 -0.8927
 -0.0332
 -0.4839
  0.4766
  0.1318
 -1.2477
 -0.9183
  1.1804
 -0.3540
 -0.3856
 -0.2943
 -0.3316
 -0.9172
 -2.1999
  1.0969
 -0.1623
 -0.1277
  0.0829
  0.5298
 -1.3750
  1.3467
 -1.5676
 -0.7089
  0.2999
  1.7410
  0.0684
 -1.0917
 -0.4124
 -0.6716
 -0.0780
  0.0877
  1.2390
  0.6776
 -1.1447
 -0.6246
  0.3101
  2.7798
  1.7712
  1.9917
  1.0760
  2.4581
  1.3687
 -0.0313
  0.4188
  1.2145
  0.0110
 -1.4707
 -2.0623
  0.0074
  1.0343
  0.0881
 -2.1362
  0.5692
 -1.2488
 -1.1724
  0.5727
  2.2452
 -0.6225
 -2.0080
 -1.0259
 -1.2227
  1.5336
  0.9941
  1.1884
 -0.3185
 -0.5285
  0.3122
  0.8740
  1.2969
 -0.5322
 -0.4697
 -0.3784
  0.5856
  0.2398
 -2.5857
  0.1646
 -0.3323
  0.7554
  1.3710
 -0.2287
  1.9004
  0.2505
  0.6170
  2.2324
  0.6648
  2.6378
 -1.5283
  0.8812
 -0.0016
  2.3452
  0.5148
 -0.0713
  0.5941
  0.2488
 -1.2759
 -0.8708
  1.1026
  1.3038
  0.3686
  2.0125
 -1.2109
 -0.2435
 -0.8551
  0.2237
 -2.1551
 -1.2617
 -0.1814
 -0.6887
  1.6733
  0.1248
 -0.1435
  0.8005
  1.4497
 -2.4224
 -0.1854
 -1.8093
  1.0381
  1.5290
  0.0296
 -0.4424
  0.9532
 -0.5332
  0.1711
 -1.0541
 -0.8792
 -1.2939
  0.2048
 -0.2752
 -0.9949
 -1.2027
  0.7505
 -0.5388
 -1.2520
  1.7399
  1.2564
 -1.0774
  1.6137
  0.8674
  2.1428
  0.0621
  0.3525
  1.5634
  0.7181
  4.1093
  1.8299
  1.4035
 -0.6012
 -0.0461
  0.6944
  0.1501
  0.7773
  2.7251
  0.8419
 -0.0445
  0.3844
  0.1257
  0.2509
 -0.1927
  0.2624
  2.3998
 -0.3449
 -0.1012
  0.6477
  0.6141
  0.5105
  0.4304
  1.1784
  0.1750
 -0.1418
  0.5238
 -0.5045
  0.4895
  0.6449
  0.4762
 -1.5874
  0.8908
  0.1367
  0.1401
  0.6874
  0.9721
 -0.6621
  2.9853
  1.6893
 -0.7317
  1.8278
 -0.2402
  1.2504
  1.0622
  0.9736
 -1.3359
  2.1605
  0.0733
 -0.0655
  1.2681
  0.6620
  0.3035
  0.9244
  1.0622
  0.9148
  2.3002
 -0.9350
  1.1791
 -0.9129
  0.3229
  0.0173
  0.6217
  0.2690
 -1.1902
  0.3733
 -0.2963
 -0.6762
 -0.1446
  0.8816
 -0.7125
 -0.3082
  0.2778
  1.1339
 -0.8267
 -0.8350
 -0.9495
 -0.5669
  1.5095
  0.6008
  0.7836
  1.4677
  0.4184
 -0.5140
 -0.0520
 -0.9885
  0.8411
  0.2726
  0.0937
  0.9551
 -0.4714
 -0.8487
  0.6775
  1.5624
  0.7864
  0.5453
  0.6111
  1.3695
  0.1839
  1.4480
 -0.5624
  1.3850
  2.2048
  0.2889
  1.4752
  0.2218
  0.7690
  0.5425
  2.0857
 -0.6133
 -1.2655
 -0.0907
  2.5236
 -1.4175
  1.6649
  0.3408
 -1.3326
 -0.6585
  0.6337
 -0.4866
  0.1367
 -0.0094
 -2.5851
  0.6081
  0.2245
 -0.8942
 -0.7335
  0.3503
  0.7264
  1.2610
 -0.2299
 -1.1822
  0.0287
  0.1843
  0.4817
  1.6043
  0.4034
 -0.5484
 -0.1049
  0.3281
  1.8100
  1.5436
  1.2632
  1.2823
  0.8096
  0.6684
  0.1149
  0.1797
  1.5124
  2.5602
  0.4390
  3.1097
  0.9639
  0.4047
  0.5273
  0.0539
  1.0981
 -0.3709
  1.3677
 -1.0253
  1.1299
  0.0452
 -0.5894
 -1.4102
 -1.8521
 -0.8963
  0.7087
 -0.9731
 -0.9171
  0.2703
  1.2716
 -0.3857
 -0.4808
 -0.9022
 -2.3373
 -0.8615
  2.5831
  1.2623
 -0.7800
 -0.2734
 -0.5008
 -0.7603
 -1.0637
  0.0408
 -0.2525
 -1.8259
 -1.9040
  2.8300
 -0.5828
 -0.7817
  1.1466
  1.5891
 -0.6634
 -0.0376
  0.6098
  2.3274
 -1.3072
  1.4453
 -0.3539
  1.0387
  2.3210
  0.2164
 -0.0512
  1.0416
 -1.1322
  1.3994
  0.1618
 -0.4685
 -0.4260
  0.1864
  1.0405
  0.7070
 -1.3748
 -0.2850
  0.0301
  0.5480
  0.8614
 -0.6602
  0.0586
  0.4648
  0.9143
  0.6278
  0.8945
 -0.2835
 -0.1280
  0.5032
 -0.3561
 -0.9844
 -0.9123
 -0.3271
 -0.4946
 -1.9316
 -1.0650
  0.3433
  0.8560
 -2.3705
  1.2524
  1.1073
 -0.4768
  1.1053
 -0.5795
  1.4758
  1.2778
  2.6811
  0.1032
  1.5878
 -1.9016
  0.8425
  1.7998
  1.8279
 -0.5679
  1.9866
  0.3298
  0.7666
  0.9611
  0.0546
  1.2502
  3.0614
 -0.1077
 -0.4125
  0.0060
  1.2278
 -1.3299
  1.9753
  0.8207
  0.7763
 -0.2398
 -0.7794
 -0.0951
 -1.0404
 -0.0515
 -1.1715
 -0.6800
  0.5696
 -0.8748
 -0.4915
 -0.8024
  1.9198
  0.5329
  1.7671
  0.3995
  0.2773
  0.2352
  0.7763
 -0.5251
  0.4493
  1.0400
 -0.1670
  0.2457
 -1.5845
 -1.2015
  0.2106
  0.2462
  2.1305
  0.7627
 -0.4335
  2.2914
 -0.1562
  0.7089
  0.4896
  0.6132
  0.4557
  0.1191
  0.3385
  1.1331
 -0.0897
  2.0673
 -1.5316
  2.4980
  0.4469
 -1.2111
  0.2284
  1.3750
 -0.8339
 -1.8254
 -0.6836
  0.2627
  0.6162
 -0.1887
 -0.6549
 -0.9693
 -0.1304
 -2.8799
  1.8671
 -1.2661
  1.6267
  0.7188
 -0.8474
  0.8119
  0.8572
  2.4356
  1.2091
 -0.3201
  0.1602
  1.9857
  0.1638
  0.4691
  0.0682
  2.5037
 -2.3667
 -1.1606
  1.0262
  1.3389
  2.6447
  0.9111
  2.6538
 -0.9493
  2.1353
  1.0190
  2.4914
 -1.0946
  0.4496
  1.5938
  2.2132
  1.7921
  0.8164
  1.3060
  1.4510
  0.5544
  0.8593
 -0.7098
  0.2214
  1.4187
  0.2556
 -0.7800
 -0.2200
 -2.1658
  1.1346
 -2.4427
 -1.2083
  0.2007
 -1.4389
 -0.8721
  1.5944
  0.2817
  0.6818
 -0.7948
  1.0348
 -0.5761
  1.5437
 -1.1753
 -0.7432
 -0.0944
 -1.8104
 -1.7786
 -1.3511
  0.9714
 -0.5264
  0.4351
  1.5908
 -1.3202
  1.8366
  0.7764
  0.1355
  1.9246
 -0.9667
  0.6933
  2.4176
  1.0743
  0.1786
  0.5257
  2.3881
  2.1307
  2.2134
  1.6828
  2.8384
  0.1415
  0.0483
 -0.4966
  0.4814
  0.1879
  0.7531
 -0.5682
  1.4103
  0.1395
  0.6136
 -1.0830
 -1.0370
  1.1686
  0.5193
 -1.1824
 -1.6364
  1.0166
  0.2089
  0.1066
  0.7999
  0.7277
 -1.8428
 -0.3036
 -0.6235
  0.1978
  0.0351
  1.2308
  0.5980
  0.7500
  0.3467
 -0.7713
  0.1032
  0.2806
  0.1474
  0.5430
  1.1373
 -0.8821
  2.3855
  1.8416
  1.1405
  0.8331
  1.1367
  1.0591
  0.2989
  0.6806
 -0.8798
  0.3368
 -0.0218
  0.9330
  0.7753
  2.3596
  2.5869
  0.8880
  0.6289
  0.3519
  0.5241
 -0.1630
  1.6432
 -0.7393
 -0.5157
 -0.6993
  0.0247
 -1.2275
  1.0135
 -0.0392
  0.9447
 -1.2222
  0.0622
 -1.5319
 -1.6490
 -1.0132
 -1.5223
  1.3779
 -0.2031
 -1.1374
 -0.1991
  1.4991
  1.3708
  0.2287
  0.8177
 -1.6370
 -0.8386
 -0.6617
 -1.0469
 -1.7094
 -0.3518
  2.0082
  2.1987
  0.9022
  1.6956
  0.9024
  0.3363
  1.9988
  3.1719
  2.0578
  1.0924
 -1.5800
 -0.3581
  2.1690
  0.3578
 -0.4256
  0.7790
  1.5966
 -0.2801
 -1.4040
 -0.3393
  2.4542
  0.2410
 -0.8616
  0.5047
 -1.1660
  0.2752
 -1.9678
  2.1176
  0.3063
  2.0649
  0.5118
  0.3944
  0.3766
 -0.4974
  0.7983
 -1.1206
  0.0232
 -1.6519
 -2.2597
 -0.6138
  1.0126
  0.6073
 -1.5402
 -0.1180
 -2.0069
  1.0011
 -0.4675
  0.1056
  0.1086
 -0.0997
  0.2817
  0.7510
 -0.2338
  0.3239
  0.5122
  1.0781
  1.7004
  0.9181
  0.2085
  1.1008
  1.8142
  0.7279
  0.4890
  1.0432
  3.9534
  1.7740
  0.4193
  1.4822
  1.1313
  1.3979
 -0.3517
 -0.2146
  0.7295
  2.5247
  0.3424
 -3.0290
  1.7803
 -0.0068
  2.2554
  2.1833
 -1.1047
  0.6960
 -1.5001
 -2.8691
 -0.2202
 -0.2046
  0.4870
  1.2064
 -0.2718
  1.3491
  0.9400
  0.4245
 -0.2373
  0.0024
  1.5740
  0.5525
  1.9015
  1.2831
 -0.3048
 -1.2667
  0.9887
  0.7050
  1.4009
  1.4053
  1.1251
  0.0884
  2.4145
  1.6975
  1.7612
  0.0777
  1.8167
 -1.8996
  1.7641
  0.4360
 -0.1409
  0.4694
 -0.1546
  0.3068
 -1.6933
 -0.6569
 -1.4656
  1.4286
  0.3268
  2.3784
  0.8269
  2.2460
  2.6619
  1.1758
  0.1670
 -0.1014
  1.3257
 -0.4508
 -1.1566
  0.6560
 -0.1305
  0.5109
  0.1156
  0.1831
  1.9790
 -0.5713
 -0.8565
 -0.1032
 -0.3607
 -0.3633
 -0.5166
 -0.7855
 -2.2175
 -1.2923
 -1.9774
 -0.1146
 -1.0943
 -0.2382
  0.6909
  2.0736
 -0.0429
  2.4465
  0.1638
  1.3605
  2.4565
  0.7868
  0.6654
  1.4390
  0.4217
 -0.8263
  1.5309
  2.5850
  0.6970
  1.4313
  1.8700
 -0.1607
  0.4506
  0.6760
 -0.6519
 -1.2972
 -0.7290
 -0.5808
  0.0557
  2.0060
  1.3089
  3.2220
  0.2811
  0.2545
  0.3882
  2.1302
 -0.7054
  0.9565
  1.0202
 -0.4532
  0.0388
 -0.7614
  0.0840
  0.8318
  0.7807
 -1.4262
 -0.1679
 -0.3652
 -0.1566
 -1.5369
 -1.9274
  0.5408
  1.3152
  1.4461
  1.4341
  0.1836
  1.1794
  1.7963
  2.5927
  1.1058
  0.6760
  0.2778
  0.6143
  1.0753
  1.5708
  2.1131
  1.2524
  0.0630
  1.8935
  2.4876
 -0.3445
  1.1399
  2.0593
  2.4471
  1.8894
  0.4167
  0.9558
  0.9547
  0.0918
  2.5482
  1.7848
  1.5278
 -0.3203
 -0.3153
  0.1149
  1.7150
  0.7447
  0.8318
  0.4365
  0.6837
  1.3691
 -0.2677
 -0.1203
  0.9249
  1.3273
 -0.3527
 -0.5955
 -0.8742
 -1.1895
  1.4514
  1.5785
 -1.0223
 -0.1037
  0.6512
 -0.0213
  2.1965
  0.4879
  0.9785
  1.5357
  0.3807
  0.8011
  1.6015
 -0.0382
  2.0178
  0.8292
  1.5535
  0.1925
 -0.3195
  0.8637
  3.1900
  1.0442
  0.4858
 -2.2337
  0.4900
 -0.4568
  0.5395
  3.6075
  1.2147
  0.2363
  2.2812
 -0.3705
 -0.1266
  2.6913
  1.6422
  1.5983
  2.2033
  1.4559
 -0.1368
  0.5373
  2.0413
  1.2436
 -1.1261
  1.6445
  0.2372
 -1.4504
  0.6318
 -0.0852
  1.4011
 -0.2761
 -1.9728
 -0.1600
  1.1865
  0.6565
  1.3035
 -1.0884
  0.9418
  2.4133
  2.5185
 -0.8409
  0.4272
 -0.1550
  1.7252
  0.9220
  1.6063
  2.4249
  2.7513
  0.3321
  0.5372
  0.7599
  1.3010
  0.0728
 -0.7918
  0.6728
  0.9108
  0.7444
 -0.3882
  0.1623
  0.7309
  1.5239
  0.5749
  2.1484
  0.8095
  0.6177
  1.7905
  1.5199
  1.5589
  1.4160
  0.8412
  0.6336
  0.7715
 -1.3866
  0.2721
  0.8178
  0.4745
  0.9146
 -1.5404
 -0.4793
  0.7899
  0.4836
 -0.9432
  0.5178
 -1.1976
 -0.4551
  1.1899
  1.1341
  1.3444
 -0.8741
  2.0227
  1.1109
  1.8743
 -1.1995
  0.9965
  0.7236
  2.5713
  1.3223
  0.4222
  1.0220
  2.0492
  2.2589
  0.3491
  3.5567
  1.3969
 -0.2123
  1.0011
 -0.5204
 -0.6746
  1.6589
  0.6162
 -0.0779
  1.0096
 -0.2417
  0.7588
  1.4566
 -0.0960
  0.3156
  0.9688
  0.4074
 -1.4244
 -0.3846
 -1.1487
 -0.7138
 -0.3906
 -1.6159
 -0.0647
  0.2410
 -2.6450
 -0.0001
  0.1121
  1.5122
  0.7052
  0.2318
  0.1255
  2.2568
 -0.0251
  0.7438
  0.4189
  0.0443
  0.9016
  1.3798
  1.3389
  0.2954
 -0.1183
  1.0126
  0.9725
  2.3483
  0.2727
  0.7251
  2.3638
  0.6261
 -0.3197
  0.5951
 -1.1476
 -0.1176
  0.1985
 -0.7886
  2.3662
 -0.2293
 -0.7119
  1.6512
  0.4926
  0.7664
  2.0739
 -0.6830
  0.9393
  0.9156
  1.4836
  0.5280
  1.2822
  0.0847
 -2.2530
  0.3455
 -0.3340
 -1.9006
 -1.1503
 -0.6720
 -1.7613
 -0.4014
 -1.4630
  0.2531
  0.0810
  1.5167
  0.0283
  0.1947
 -0.4759
 -0.0634
 -0.5899
  1.1610
  0.5366
  0.5616
  2.0512
  1.6797
  0.2079
  1.0716
  2.0875
  0.6232
  1.4753
  1.1020
  0.6163
  2.1125
  2.2050
  0.2453
 -0.9628
  2.1006
 -1.0271
  2.0363
  0.7518
 -0.1651
  0.5574
  1.7438
  1.7951
 -0.2367
  1.8190
 -0.2708
  0.8128
  0.5486
 -0.6843
  0.0736
  0.0080
 -2.0500
  1.1782
  2.5377
  0.8436
  2.4607
  0.9662
 -1.7296
  1.4476
 -1.0469
 -0.2788
 -0.0977
  2.3824
  1.2263
  0.5102
  2.0045
 -0.1776
  1.0458
  0.9992
  2.5406
  1.8700
  0.3401
  0.5620
  1.6040
  1.7137
 -0.7524
  2.2109
  1.8613
  1.7520
  2.1536
  1.1970
  0.6149
  0.1917
  2.7364
  1.1074
  0.1805
  1.0615
  0.6933
  0.1397
 -1.1712
  1.0117
  1.1835
  1.3806
  1.0346
  3.3119
 -0.7054
  1.2018
  1.5925
  1.2365
  0.2009
 -1.2284
 -0.2980
  2.2123
  0.3065
 -1.7554
 -1.2285
  0.9219
  1.6115
 -0.6240
 -0.2451
  0.1927
 -0.6966
  0.5250
  0.8050
 -0.5890
  0.8243
  0.9880
  0.2970
  2.7369
  3.0771
  1.4392
  0.3136
  0.0564
  2.5255
  1.9139
 -0.1564
  1.7842
 -0.0859
  1.0788
  3.6195
  1.1751
  1.2512
  0.7965
 -0.6105
 -0.7631
  1.0641
  1.7112
  2.6934
  0.9615
  2.3921
  1.3466
  0.9167
  0.4597
  0.6313
  1.3860
  1.6330
  1.8394
  1.4232
  0.1067
  0.6246
  3.3063
  0.3769
  0.3559
  0.6326
  1.9637
  2.5329
  0.9933
 -0.0603
 -0.9094
  0.2024
  0.8025
  0.5797
  2.8087
  2.0391
  1.5771
  0.6897
  2.4220
  1.4883
  2.1350
  1.2680
  1.6852
 -1.1634
  1.9184
  3.0105
  0.9252
  0.3793
  1.6952
 -0.3842
  2.4135
  1.2687
 -0.3265
  1.2123
  3.6667
  1.1422
  4.1583
  1.1804
  0.0697
  1.5317
  0.6330
  1.4636
 -0.5870
  0.2295
 -2.7810
  1.4904
  1.3241
  0.7068
  0.1404
 -0.3683
 -0.2811
  1.6879
  1.3976
  1.1107
 -2.1012
  0.1788
  0.5867
 -1.1251
 -0.9719
 -0.2507
 -0.1976
  0.7961
 -0.1011
 -0.1873
  1.4933
  0.6717
 -1.7111
  0.6295
 -0.1345
 -0.2950
  0.1317
 -0.8205
  0.2008
  0.4435
 -0.4402
  1.2043
 -1.7951
  1.0133
 -0.1132
 -0.4772
 -0.7441
  1.3180
  1.1072
  0.1914
  1.5379
  0.7883
  1.8863
  1.4608
 -0.3922
  0.7022
  1.8992
  0.6223
 -0.4056
  0.7187
  1.1001
  0.2947
  0.9188
  2.5613
  1.6233
  0.6230
  0.5370
  0.7731
 -0.3713
  0.6104
  2.1583
  2.9739
  2.3722
  0.6846
  2.1690
 -1.3948
  0.8317
  0.1133
  0.4284
  1.3253
 -0.1530
 -1.1646
  0.6160
 -0.3476
  1.3459
  0.3412
  1.4531
  0.0546
  0.2853
  1.5933
  1.4144
  1.7549
  3.2831
  0.8955
  1.0700
  1.1593
  2.0613
  1.5851
  0.6017
 -0.3709
 -1.1217
  0.4777
  0.5616
  2.2163
 -1.5366
  0.6238
  2.2403
 -0.0896
  1.7744
  2.4752
  0.7637
  1.1835
  4.2782
  0.3456
  1.2765
  1.1891
  0.7528
  0.4379
 -0.2483
 -1.2538
 -0.3212
  0.4684
  1.3331
 -1.3317
  1.0057
 -0.0605
 -0.0565
  0.2528
 -0.7023
 -1.2175
  0.2933
  0.0635
 -1.4472
  0.5725
  0.3583
 -0.0692
  0.0645
 -0.8393
  2.1520
  0.2587
 -1.4848
  0.2393
 -0.6360
 -0.0048
 -0.0822
 -0.0704
  0.7535
  3.3300
  1.4549
  1.2534
  3.9956
  0.2126
  1.6557
  1.6958
  3.3921
  1.5410
  1.0852
 -0.3171
  0.5628
  0.7051
 -0.4023
  2.5380
 -0.7316
  0.6016
 -0.0737
 -0.0652
  3.4249
  1.0322
  0.4383
  2.3610
  0.7103
  1.8130
  1.0490
  1.3878
  0.4098
  1.4541
  0.7335
 -1.1620
 -0.5545
 -0.7590
 -0.4185
  1.8087
  1.4589
  2.2320
  0.7842
 -0.7336
  0.2417
  1.8938
  1.4083
  1.8575
  0.0187
  1.6619
  1.0644
  1.9125
  1.2717
  1.4322
 -1.0448
  1.7091
  1.7339
  1.8596
  0.1826
 -0.2109
  0.9217
 -1.4333
  0.7518
 -0.6061
  2.8039
  1.8160
  0.4236
 -0.1114
  2.0131
  0.8417
  1.2008
 -0.3165
  1.2968
  1.2328
  0.3287
 -0.4223
  0.1065
  0.7485
  1.0702
 -0.6836
  0.4013
  1.7988
 -0.7294
 -0.4796
  0.8269
 -0.8313
  2.3283
 -0.8119
  0.5050
  0.4490
  0.1240
  0.6587
  2.5473
 -0.2709
  1.6508
 -0.6118
 -1.2557
 -1.0051
 -0.5238
  0.6407
  0.3043
 -0.7999
 -0.5542
 -0.8667
 -0.7202
 -1.0474
 -1.7744
 -0.4311
  1.0509
 -0.0726
  2.1924
 -0.4181
  2.3655
  1.0434
  1.7671
  2.8424
  0.9055
  1.4651
  1.0980
  2.3925
  1.9645
  1.8430
  1.8590
  0.8992
 -0.1666
 -0.0267
  3.3332
  0.4712
  0.0574
 -0.9967
  1.5285
  1.7444
  1.3496
  0.1589
  2.2447
  2.6841
 -0.0563
  0.4331
  1.6704
  0.7083
  0.5933
  0.6343
  0.7352
  1.5578
  1.2067
  1.8849
 -0.1624
  1.9547
  1.3409
  2.0659
  3.2664
  0.3838
 -0.1160
  0.8889
  1.7345
  0.1049
  2.0109
  1.9141
  0.7172
  2.2972
  0.5879
  2.1940
  1.2315
 -0.6789
  0.8192
  1.0306
 -0.0652
 -0.1538
  0.7237
 -0.0736
  2.1162
  0.4735
 -0.4227
  0.0134
  0.4756
  1.4824
  0.4141
 -0.3119
 -1.4840
 -0.9822
  1.3585
  1.0329
  0.9947
  0.9809
 -3.2994
 -1.4000
 -0.8955
 -1.7504
  0.8951
  0.9800
 -1.0399
  0.2310
  0.6805
  1.3201
  1.4810
  1.3659
  0.5322
 -1.4374
 -0.6232
  0.2636
  0.0958
 -1.4644
 -0.4962
 -0.4264
  1.5996
 -1.0735
  0.4903
  2.0696
  1.1214
  0.5764
  2.8603
  0.6775
  0.9182
  1.5399
  2.6299
  1.7732
  0.9607
  0.5593
  0.7897
  1.7862
  0.3890
 -0.1437
  1.7401
  3.0737
 -0.6339
  0.9027
  0.8250
 -0.0839
  0.1897
  0.1838
  2.4934
 -0.8418
  1.2945
  2.1630
  0.4954
  1.7948
  1.5425
 -1.2011
  0.8847
  1.4028
  0.8762
 -0.6764
  2.0860
  1.5080
  1.4310
  1.0459
  3.7817
  1.0393
 -0.2990
  2.5333
  1.2869
  1.0667
  0.1407
  0.6645
  3.0090
  0.6816
  1.3167
 -0.1113
 -0.1123
  1.3168
  2.2562
 -0.1659
 -0.9364
  1.1800
  0.9826
  1.0573
  1.1225
  2.0914
  0.0566
  1.9268
 -0.8699
  0.7616
  1.3120
  0.1762
 -0.3650
 -0.2003
  1.3197
  0.3012
  0.2965
  0.5135
  1.6566
  0.8306
  0.9250
 -1.9910
  0.7904
 -0.6681
 -0.0319
 -2.2776
 -0.9250
  1.2485
 -1.1579
 -0.0357
  1.5430
  1.6152
  0.2934
  0.7041
  1.0493
  1.4052
 -0.8564
  0.7181
 -0.3793
 -0.1715
  0.5695
  1.5627
 -2.5697
  1.8632
 -0.7123
 -0.6778
  0.0388
  1.2461
  0.4994
 -0.6541
  0.9579
  1.6682
  1.2712
  0.4003
  3.5584
  3.0911
 -0.0663
 -0.5450
 -1.1148
  1.1167
  2.4734
  2.4576
  0.7286
  2.5076
  1.0076
  1.3406
  2.2050
  2.6386
  0.6022
  0.9318
  1.9430
  0.6036
  1.2656
  0.2072
  1.1448
  1.1832
  0.7399
 -0.1388
  2.1472
  1.9090
  1.0234
  0.4493
  2.8071
  1.1662
  2.1906
  1.4955
 -0.2005
  2.0628
  1.2291
  2.4841
  2.1764
  1.0835
  0.6043
  0.9086
  0.3901
  0.0116
  2.0253
  0.4664
 -1.0598
  1.9451
  1.5973
  0.7927
 -0.3480
  1.0534
 -0.4604
  1.5064
  2.3487
  1.5655
  1.6661
  0.5802
  0.1833
 -0.0675
  0.3544
 -0.4058
 -3.9587
  0.9690
 -2.4282
  0.9073
  1.3234
 -1.0914
  2.7827
  2.2407
  2.6364
  0.4946
 -0.8382
 -0.5109
  0.4852
 -1.2194
  0.0272
  1.0566
  1.1138
 -0.8091
 -0.6829
  0.2370
  0.3551
  0.5114
 -0.8012
  0.0377
  1.2928
  1.8864
  0.6097
  1.4643
 -0.0400
 -0.2237
  0.7431
  1.3458
  0.9795
  2.2115
  2.6931
  0.1479
  2.2792
  1.8277
  1.4342
  1.0089
  1.3346
  1.3828
  0.4594
  1.1650
  0.3702
  0.4777
  0.7657
  0.1199
  0.4569
  0.7162
  0.7324
 -0.2625
  1.0516
  0.6681
  2.2326
  3.1997
  1.2317
  0.3601
  1.7360
 -0.4292
  1.9749
 -0.2575
  1.3095
  0.6501
 -0.1747
  0.7794
  1.5701
  2.1137
 -0.1354
  1.2706
  1.4610
  0.9718
  1.3251
  0.8518
  0.8916
  2.2863
  1.4585
  2.5207
 -0.6135
  0.7048
  1.7473
 -1.5392
  2.0714
  3.1895
  1.4546
 -1.6425
 -0.0358
  0.3510
 -0.1152
 -0.0801
 -0.6517
  1.7559
  0.2076
  1.9721
 -0.7852
  0.2545
 -0.5781
  0.9092
 -0.1836
 -1.3960
 -1.6079
  1.1336
 -0.4133
  0.9497
 -1.0794
 -0.8729
  2.4394
 -0.1424
 -0.4506
  0.8522
 -0.7404
 -0.4343
 -0.6164
 -0.6049
  0.2333
 -0.0906
 -0.1192
 -0.4990
 -2.0988
 -1.5317
  0.4924
  0.2711
  0.2512
 -0.0676
 -0.2603
  0.5041
 -0.5468
 -0.8620
 -1.2205
  1.6303
 -1.0751
  0.6994
  1.4156
  2.6262
  0.4046
  0.6797
  1.1289
  1.7058
 -1.6870
  0.3260
 -0.1954
  1.5122
  1.2911
  2.5485
 -0.1609
  0.2294
  0.0711
  0.1760
  2.1563
  0.0831
  0.7694
  1.7303
 -0.0946
 -0.4560
  1.2327
  0.3626
  1.3488
  0.8783
  1.4720
  1.0835
  1.8756
  0.7260
  1.2183
  0.8841
  3.0295
  1.2811
  0.8900
  0.8123
  1.7208
  2.6783
  0.2265
 -0.3874
  0.3815
  0.6881
  0.1342
 -0.3367
  0.5071
  0.4824
  1.0559
 -0.1809
  1.5086
 -0.2763
 -0.8619
  2.0249
  2.8669
 -0.7949
 -0.3136
  0.5457
 -0.4372
  0.1863
  0.1102
 -0.2743
  0.1246
 -0.3775
  1.2753
  1.2338
  0.6563
  2.0406
 -0.9188
  0.9321
 -0.2415
 -0.8236
 -1.0052
  0.4128
 -0.0342
 -1.5529
  1.2304
 -0.4838
 -0.5926
 -1.0883
 -0.1918
 -2.1796
  1.6299
 -0.0851
 -0.2333
 -0.0168
  0.5454
 -0.6362
 -0.0037
  0.7189
 -0.2035
 -1.4344
  0.3145
 -0.5030
 -0.9449
 -0.4547
 -0.5524
  0.8572
 -1.9878
 -0.5206
  0.6362
  1.5577
  0.5473
  0.4768
 -0.0125
  1.9459
 -0.4700
  1.2436
  1.3240
 -0.3528
  1.0018
  1.5064
  0.1063
  1.0337
  1.4913
 -0.0014
  1.5170
  1.9135
  2.3476
  1.2571
  0.4212
  0.8699
 -0.9907
  0.5879
  1.7803
  1.5403
  2.8077
  0.0300
  0.3416
 -1.9730
  0.5154
  0.8292
  0.2321
  0.9989
  0.9013
  1.9267
  2.6401
  0.1975
  1.1342
  1.4586
  1.2044
  1.1510
  1.5620
  1.3161
  1.5379
 -0.1902
 -0.4972
  1.3033
 -1.0475
  1.3869
  2.4442
 -0.8549
 -0.7446
  1.0346
 -1.0097
  0.3420
 -0.0944
 -0.7528
  0.7792
  2.1175
 -1.2090
 -1.4245
  1.0257
  0.3612
 -1.3139
  0.7999
 -2.4699
 -2.2220
 -0.3134
  0.2041
 -0.8017
  1.0886
 -1.1885
  0.2460
  0.6301
  0.4935
  0.1647
 -0.7054
 -0.0322
  0.7423
  0.7523
  0.4327
 -2.0284
 -0.9726
  2.0705
 -1.2213
 -0.9801
 -0.4131
 -1.0024
  1.3926
 -0.9747
  0.8055
 -0.7511
 -1.1662
 -0.5662
 -1.9703
 -1.1751
  0.0733
  1.1310
 -0.2048
  1.2979
  0.0527
 -0.6483
  0.8074
  1.0942
  1.9163
  0.7792
  0.8911
  0.6923
  3.6270
  2.9035
  0.6256
  1.1786
  0.6935
  1.7276
  0.7753
  0.7733
 -0.5144
  1.0054
  1.4909
  0.9977
  0.8699
  1.8386
  2.4775
 -0.5326
  2.0487
  0.3980
  0.1573
  2.9633
  1.2661
 -0.1227
  1.3462
  0.8161
  1.0863
  2.4155
  1.7833
  0.5597
  1.7542
  0.6897
  0.5562
  1.0769
  1.2199
  0.0115
  2.9759
  0.7658
  0.8374
  4.7354
  0.8598
  1.0798
  1.0775
  0.6777
 -0.3711
 -0.4221
  1.0529
 -2.4737
 -1.5995
 -1.1972
  0.0227
 -1.1283
  0.2395
 -0.4790
 -0.1069
  0.2791
  0.9870
 -1.3258
  0.3809
 -0.2091
 -0.5935
  0.0944
  0.3462
  1.8525
  0.7827
 -0.2520
  0.6225
 -0.1012
  1.2569
  0.5964
  0.6867
 -0.3962
  1.2350
  2.7589
  0.6149
  0.0789
  2.1217
  0.1682
 -0.1135
  0.8293
  2.5437
  1.7251
  0.8352
 -0.3320
  1.0130
  2.6719
  0.7401
  2.6300
 -0.6545
 -0.2737
  1.1420
 -0.2153
  0.1532
 -2.1660
 -0.4186
 -1.9372
  1.6734
  0.7798
  1.0421
  1.9898
  0.3765
  2.0719
  0.6522
  1.1837
 -0.0605
  1.6067
  1.1597
 -1.7363
 -0.9675
  1.2701
  0.5462
  1.5442
  0.4528
  0.2765
  0.7727
 -0.1464
  1.0219
 -0.5018
  2.0440
  2.1696
  1.2428
  0.4057
  0.2503
 -0.8549
  1.3046
  0.4229
  0.8232
  1.4432
  1.0300
  0.6112
  1.1696
  1.2268
  1.0786
  0.5347
  1.2781
  2.7335
 -1.4156
  0.4681
  2.0696
  1.9464
  0.9222
  0.5054
  1.5725
  0.1327
 -0.0485
  1.1718
  0.6084
 -0.0634
 -0.0417
 -0.2004
  1.1772
  0.9247
  1.1867
 -1.5809
  0.5420
 -0.5732
 -1.7712
 -0.3219
  0.6234
  1.0630
  1.5294
  1.4950
 -0.2192
 -1.9674
 -1.2938
  1.5877
  1.7793
 -0.4378
  0.8267
  0.0854
  2.0508
 -0.5518
  1.9337
  1.9473
  2.0667
  1.3495
  0.4199
 -0.2186
  1.2866
  0.7835
  1.7853
 -0.0881
  0.9649
 -0.5412
 -1.0983
 -0.0871
  0.3615
  0.4577
  2.1631
  0.3619
  0.0472
 -1.2075
  0.8302
  0.8312
  0.6685
  0.3927
  0.9277
 -0.1565
 -2.4385
  1.2796
  1.5091
  1.6049
  1.0885
  1.2390
 -1.0220
  0.6685
  0.8669
 -1.2896
  1.9791
  1.7490
 -0.4088
  2.1078
  1.8071
 -0.4917
  3.3501
  1.5288
  2.1338
  0.8997
 -0.9526
  1.0645
  0.6565
  0.9335
  0.3434
 -0.2650
  0.0228
  0.4986
  1.3865
  0.7464
  1.6891
  0.3796
  2.3242
  0.5708
  0.3123
 -1.1807
  2.8702
  1.4806
  1.4555
  1.1035
 -0.0128
  2.4542
  0.9277
  2.5999
  0.0461
 -0.1301
  0.5678
  0.0326
  0.5299
  0.6816
  1.5924
  1.1954
 -0.2070
  1.2878
 -0.8350
 -1.3921
 -1.0843
 -1.4345
 -0.7199
 -0.2935
 -1.4171
  0.8109
  1.0708
 -1.5613
 -0.2578
  0.1479
  2.2286
  0.5114
  1.6444
  0.7622
  3.5287
  2.1546
  1.5346
  1.8513
  0.1163
  1.5295
 -0.1783
  1.1505
  1.6015
  0.7379
  2.1928
  1.9946
 -0.0598
  1.1766
  1.8685
  1.1123
 -0.0566
 -0.7061
  1.4084
  1.5155
 -0.9701
 -0.4922
 -1.4238
  1.0880
  2.4125
  0.6051
  0.5565
  0.7106
  0.5504
 -1.5626
  0.5626
  0.6671
  1.9725
  0.1933
  1.0999
 -0.6818
  2.1827
  0.1012
  0.1390
 -0.3091
  0.7187
  1.2948
  0.6132
  1.9241
  0.6837
  1.7421
  1.1868
  2.2481
  0.2149
  1.4740
  1.4402
  0.8230
 -1.2135
  0.2403
 -1.6208
 -0.3362
  0.9430
  0.6296
  0.8887
 -0.0175
  1.6591
 -0.4424
  0.9466
  0.2178
  0.7640
 -0.1874
  1.4368
  2.2441
  1.3668
  0.4773
  1.8339
  1.2443
  0.6740
 -0.3492
 -1.5895
 -1.8984
  0.8897
 -0.9720
 -0.2891
 -0.4612
  0.0030
  1.4528
  1.0625
  1.8746
 -1.1742
 -0.9876
  0.1371
 -0.1950
 -1.8867
  1.1538
  1.1323
  1.6759
  1.0617
  1.2721
  0.8928
  0.9407
  0.4111
  0.6902
  1.8910
 -1.3600
 -0.1351
  0.4249
  0.0382
 -1.5134
  1.0548
  0.7454
  3.2618
  1.0221
  2.7513
 -0.5169
  1.0427
  1.5677
  1.6678
  1.4944
  3.3600
  1.5300
  0.4453
 -0.5281
  0.6174
 -0.4043
 -0.1076
 -0.5568
 -0.1345
  0.9000
  1.9978
  1.8877
  0.5488
  0.3272
  0.4613
 -0.3478
  0.1570
  1.6937
  1.1044
 -0.0002
  0.9235
 -0.7490
  0.3771
 -1.3146
  1.2455
 -1.5046
  2.2909
  0.9513
  2.3667
  1.0984
 -0.4941
  0.9190
  1.7306
 -0.0516
  4.4401
  2.1946
  1.5131
 -0.8715
  1.6062
 -0.0268
 -1.2575
 -0.3329
  1.5630
 -0.0064
  1.1957
  0.1911
  1.2024
  1.6306
  0.6439
  0.2512
 -1.0523
  0.5242
 -1.6222
  0.7041
  0.6532
 -0.5390
  1.9918
  2.9666
  2.5118
  0.7174
 -0.6668
 -0.1014
 -1.6874
  0.0480
  0.9152
  0.1406
  1.4346
 -0.2149
  0.3575
  0.0890
 -0.7094
  0.4188
 -0.1304
  0.0076
 -0.9469
 -0.1530
 -0.7715
  0.5115
 -0.1325
  2.1636
  2.9926
  0.1230
  0.4221
  2.8876
  1.0511
  3.3164
  1.7048
 -0.4461
  0.0316
  0.3836
  0.8401
  2.1960
  1.0234
  1.8063
 -0.6292
 -0.7415
  0.8629
  1.7753
  0.6617
  1.5996
  0.4269
  0.2433
  0.2047
  1.4365
  2.0191
  0.6755
 -0.0425
  1.2027
 -0.1273
  1.0353
 -0.3781
  0.4261
 -0.3089
  1.1967
  0.7824
  1.9836
 -0.7753
 -0.4604
 -0.1510
  1.5760
 -0.1711
  0.9370
 -1.3320
  2.0204
  0.3022
  1.1019
  0.1153
  0.8180
  1.0990
  2.7568
 -0.8006
  0.1864
  0.5517
  0.6338
 -0.0585
  0.7583
 -0.0017
 -1.0536
 -0.5205
 -0.4189
 -0.2209
  1.2208
  0.1627
 -1.3688
  1.3897
 -0.6428
  1.0932
  0.6254
  1.6580
  1.3262
  1.3772
  0.9282
  0.1942
  0.6064
  0.7242
  2.1473
  1.3895
  0.3678
  1.0525
 -0.6881
 -2.7894
 -0.5750
 -0.1479
 -0.9499
  0.6247
 -1.2335
 -0.2724
 -1.3357
  1.1229
 -0.3712
 -0.4684
 -0.8002
 -1.4520
 -0.2542
  0.0488
 -0.4601
 -0.4184
  0.8004
  1.9043
 -0.5092
  2.6751
  1.0363
  0.2274
 -1.4556
  1.2790
  0.4551
  1.0885
  0.6514
  0.2688
  1.1995
  1.7829
 -0.2235
  1.5522
  1.2108
  3.0243
  0.2709
  0.7301
  1.1797
 -0.0954
  0.2970
  1.7896
 -0.1913
  0.5841
 -2.7657
  0.4908
  1.3581
  1.0281
 -0.0563
  2.2539
  0.9174
  0.6573
  3.0801
  0.1031
  0.4884
  0.5445
 -1.9115
 -0.1850
  1.8725
  0.6537
  0.5286
 -0.1594
 -1.0139
 -0.0061
 -0.8178
  0.9669
  2.0827
 -1.6668
 -1.9062
 -1.3588
  0.0260
  0.2962
 -0.3056
  0.8052
  1.2971
  0.3639
  0.4090
 -0.2982
 -0.0468
  1.7057
 -1.4868
  1.9505
 -0.3577
 -0.6409
 -0.4907
  0.2626
  0.3710
 -0.4382
  1.0190
 -0.0506
 -0.4877
 -1.0701
  0.5642
  0.2682
  0.1855
  1.3613
  1.1011
  1.7357
  2.3210
 -0.3684
  0.7600
  1.6722
 -0.3752
  0.8757
 -0.5094
  2.3266
  0.6030
 -0.8515
 -0.7793
 -3.2211
 -0.1824
 -0.5900
 -0.1338
  0.5582
 -1.1565
 -0.2567
  1.0833
 -0.6177
 -1.3749
 -0.5015
  1.1690
  0.8140
  2.2991
  1.0250
  0.0279
  0.7455
  0.7689
  0.4341
  3.2889
  1.3524
  1.1523
  2.5005
  1.2114
  1.6244
  1.5009
  0.0588
 -0.8149
 -0.4248
  0.6902
  0.8444
  0.8380
  2.0111
  2.8138
  1.0537
  0.8827
  2.0718
  1.7220
 -0.5200
  0.5189
  1.3410
 -1.1602
  1.1801
  1.4105
  0.5505
  1.3644
  1.8974
  1.4404
 -0.0970
  1.2724
 -0.7598
  0.1647
 -2.2841
 -0.6610
 -0.6911
  0.0749
  0.9112
 -1.1339
  1.3349
 -0.1183
  0.6901
  1.6237
 -0.1664
  2.1333
  0.7976
  0.8708
  0.2161
  0.0571
  1.3589
  0.5111
  1.3357
  0.4281
  0.1816
 -0.4653
 -0.6443
 -1.2091
  0.1528
 -0.0934
 -0.5689
  0.7998
  1.8559
  0.1220
  1.3348
  1.5850
  1.2195
  0.7485
  1.1645
  1.6043
 -0.7033
  1.9716
 -0.0424
 -1.2832
 -0.0574
  0.0365
 -0.3931
  0.8176
  2.1282
  0.7085
  0.9225
 -0.3443
  0.0332
  0.4301
  0.4805
  0.0425
 -2.2242
 -0.9604
  1.7421
 -0.2352
  0.2960
  0.3184
  1.0558
  1.6457
  0.2337
  0.7517
  1.2750
  1.6169
  0.8621
  0.5262
  1.3503
  1.0897
  1.0817
  2.1785
  0.2321
  2.8772
  0.0192
 -0.4153
  1.0901
  0.5495
  0.3799
  1.5853
  0.9260
  0.4108
  0.2835
  0.1896
  1.7734
  2.3366
  1.8186
  1.1572
  1.8940
  1.0422
  0.9210
 -0.1497
  1.3522
  0.4815
  2.2986
 -0.9936
  1.6641
  0.5914
  2.3888
  1.7281
  0.3885
 -1.2902
 -0.8782
  0.7943
 -0.2487
  0.4734
  0.3742
 -0.0824
  0.2778
  1.7815
  1.6461
  0.3267
 -0.1879
 -1.8832
  3.0882
  1.1096
 -0.3946
  2.3963
  0.9830
 -2.3146
  1.3793
  1.2974
  0.7935
 -0.4983
 -0.4137
  0.6885
  0.9305
  0.3721
  1.5782
  1.5220
 -1.4086
  1.2922
  0.9810
  1.1608
 -2.3885
  1.9169
 -1.0357
 -0.1611
  1.0502
  1.7068
  0.5709
 -0.4674
  0.2800
 -0.0752
  1.2325
 -1.0839
 -0.3671
  0.0724
  1.9515
  1.0028
 -2.1918
 -1.2788
  1.0865
  0.0401
 -0.3354
  1.8516
 -0.5235
 -1.4863
 -1.6584
 -0.0364
  0.7520
  0.3510
 -0.5676
 -0.2747
  1.3455
  1.0816
  2.8795
  0.8835
 -0.0429
  1.4551
  0.6868
  0.7515
  0.2867
  0.9822
  1.8629
  1.1910
  0.7695
  1.9186
  0.8060
  1.6458
  2.0261
  0.7631
  1.4771
  1.5884
  1.5212
  0.5812
  0.6958
  1.3410
  1.7492
  0.2721
  1.7281
  1.3066
  0.5833
  0.3349
  1.1156
  1.1886
  0.6670
 -0.0820
  0.5762
  0.8935
 -1.2258
 -0.3190
  3.7863
 -0.4198
 -0.4292
  0.1183
 -1.0840
  0.1262
 -0.7497
  0.6513
  0.8102
  0.1754
 -0.2277
 -0.8459
  2.0766
  2.2870
 -1.2361
  2.1226
  1.1913
  1.9824
 -0.0004
 -1.2296
  0.1025
  1.7716
 -0.3268
  0.1990
 -0.4014
  0.4381
  0.5549
  0.6081
  1.7061
  2.2267
  1.0508
  0.2338
  1.6972
  0.5219
  2.7996
 -0.0680
  2.9513
  2.0004
 -0.4316
  0.7135
 -1.7758
 -0.4888
 -0.6172
  1.3103
  0.7927
 -1.2837
  0.1729
  0.9543
  1.1855
 -1.2093
 -0.1172
  0.4642
  0.2236
  1.1088
 -0.5920
 -0.1908
 -0.8079
  0.4668
  0.5567
  0.4994
  1.5421
 -0.2166
  0.3372
  2.6025
  1.9031
  2.0614
 -0.6419
 -1.5278
  0.6383
  0.7621
  2.0710
  0.9336
 -0.7005
  1.1980
  2.8659
  1.3022
  1.4441
  1.3452
 -0.0216
  1.2511
  1.7528
  0.8956
  0.8512
  0.9531
  1.0993
  1.2333
  1.1010
  1.3712
 -1.9598
  0.7726
  1.2447
  0.8393
  2.4706
  0.9866
  0.2441
  0.5251
  2.6234
  1.3203
  3.3491
  1.5447
 -0.4841
  1.5821
  0.0192
 -0.8047
  1.3314
  0.0474
  0.8125
 -1.2863
  0.5215
  0.0320
 -0.6533
 -0.9074
  1.5158
  0.3815
  2.5332
  1.4535
  0.7420
  0.7800
  1.6806
 -0.2519
  0.6382
  2.0394
  1.7616
  2.1692
 -0.5027
  0.9990
  0.5710
  1.0651
  0.3851
 -1.0046
  2.0635
  2.6854
  1.4879
 -0.1385
  2.1050
  1.1287
 -0.6616
 -1.2135
 -0.3417
 -1.0172
 -0.8402
  0.4368
  1.0346
  0.9500
 -1.0121
 -0.1565
 -0.1323
 -1.4275
 -1.1326
 -0.1842
  0.7839
  0.4708
 -1.3712
  0.3523
  0.4341
 -0.2065
 -0.3859
 -0.5952
  0.6778
  3.2339
  2.3512
  1.0842
  2.0308
  3.6442
  0.4282
  1.7301
 -0.0553
  1.1710
  0.1795
  1.4604
  0.6592
  3.4478
  0.2570
  0.4643
  0.0890
  0.8684
 -0.1901
  1.3339
  1.0496
  0.1713
  1.5267
  1.8457
  1.9216
  1.5291
  0.6634
  2.0147
 -0.9941
  1.6584
  2.0491
  0.6474
  0.6402
  3.0794
  0.2901
  0.4620
  0.1393
 -0.3191
  1.3027
  3.4875
  1.7753
  1.2702
  1.6232
  0.9136
 -0.4113
  0.2431
  0.6765
  0.5759
  0.5407
  0.8429
  0.9094
 -2.1886
 -1.2068
  0.7136
 -0.5027
  0.3724
  1.2284
  2.6804
  1.3702
  1.5687
  0.9135
  1.6889
  0.9292
  1.0500
  0.1328
  0.4409
  2.0144
  0.3396
  1.6945
  0.9443
  1.4440
  1.6531
  1.8528
  1.1572
  0.3751
  0.3860
  0.8055
  2.1444
  0.1400
 -0.2289
 -0.7430
 -0.2682
  0.0525
 -1.4218
  0.0066
  0.0571
  0.6942
  0.2853
  1.1703
 -0.0207
  1.3627
  0.5452
  0.1747
 -0.1152
  1.3812
 -1.8736
 -1.0383
  0.8498
  1.0340
  0.7720
 -0.4168
  1.8950
  0.4522
  0.8967
 -1.6075
  0.5991
  3.2610
  0.6050
 -0.5432
  2.2666
 -0.2481
  0.8778
  1.1720
  1.9950
  1.4999
  1.9570
  1.7372
  1.1379
  1.4841
  1.5370
  2.2771
  1.3651
  2.7149
  3.3138
  0.4595
 -0.5261
  0.8023
  0.6659
  1.2732
  1.0267
  2.0685
  1.3361
  0.4811
  2.6551
 -0.1192
  1.0592
  0.7049
 -0.2187
  0.3276
  0.5516
 -0.1413
 -0.7494
 -0.2264
 -2.0652
 -1.3686
  0.1429
  1.4793
  0.1897
 -0.5325
 -0.6685
  0.0050
 -0.7011
 -0.8830
 -0.2675
 -1.8324
  0.4171
  0.9417
  0.0845
  0.6039
  0.1434
  1.0511
 -0.0752
  0.7905
  0.4915
  1.0144
  0.9657
  1.1018
  0.0269
  2.5989
 -0.6277
  1.7265
  1.1487
  0.0517
 -0.0703
  1.8860
  1.0951
  0.4332
 -1.0435
  0.7140
  0.4565
 -0.2244
  2.0075
 -0.2359
 -0.4162
 -0.7105
  0.1378
  0.3204
 -0.9549
 -0.0858
  1.3750
  0.9824
 -0.3351
  0.6658
  0.4390
 -0.0863
  0.7827
  0.2537
  0.4740
  0.2182
  1.0182
  0.4427
  1.1221
  1.4740
  2.5008
  1.7944
 -0.2333
  0.6866
  2.0270
  0.3089
  1.3608
  2.3866
 -0.2438
  0.1971
 -0.5058
  0.3899
  0.5433
  0.8134
 -0.0525
  1.7833
  1.7376
 -0.8452
  1.4962
  0.9644
  1.5718
  1.6167
  0.2944
  0.0109
  0.5512
 -0.3950
  0.3031
  0.6335
  0.2334
  1.8005
  0.8763
  0.8361
  1.8298
  2.0040
  1.0994
  1.0309
 -0.7542
  0.6563
  0.4631
 -0.1414
 -0.4196
  0.2835
  0.6250
 -1.6866
  0.1072
 -0.5463
  0.3700
 -0.0185
  0.9919
 -2.5904
 -0.0009
 -0.2877
 -0.5503
  0.9250
  3.2276
  0.9877
  0.0361
 -0.0056
  0.1108
  1.3339
  2.1200
  1.3322
  0.6807
  2.3149
 -0.7764
  0.9585
  0.8585
 -0.6734
  0.7745
  0.8272
  0.4576
  0.2478
  0.0518
  1.8158
  1.0024
  1.9464
  0.3796
  2.9197
  0.0576
 -0.4900
  1.6623
 -0.2566
  0.4709
 -0.3322
  0.1240
  1.0207
  0.5053
 -1.0574
  0.7583
  1.7073
 -0.1035
 -0.8813
  2.2749
 -1.0549
 -1.4977
 -0.8816
  0.4849
  3.1706
  0.5961
  1.3673
  1.4904
  1.3146
 -0.5035
  1.4709
  1.2629
  1.9915
  1.8432
  0.4720
  0.2353
  1.6675
  2.5839
  0.8535
  0.1829
  1.1226
  0.0063
  1.9017
  1.3747
  0.1701
  1.6809
  0.8399
  2.0449
  2.2485
  1.2806
  0.3391
  1.3753
 -0.3536
  2.6588
  1.0936
  1.2452
 -0.5196
  1.0827
 -0.9309
  0.2306
  0.8946
  2.3972
 -0.1158
  0.9329
 -0.6203
 -0.3148
  1.6808
 -1.4143
 -1.4222
  0.3249
  0.2631
 -0.6222
 -0.4702
 -3.5494
  0.3412
 -2.3122
 -1.3876
 -0.0688
  0.5056
  0.3530
  1.5961
  2.1177
  0.7779
  1.0348
  3.0116
  1.1190
  0.5213
  0.0213
  2.5338
  2.0465
 -0.5106
  0.1144
  0.8052
  0.4784
  0.0383
  0.7065
  2.4325
  1.2193
  2.7077
 -0.0487
  2.2022
  2.5109
  2.5820
 -0.8702
 -0.9622
 -0.8462
 -1.0475
 -0.4589
 -1.9730
  0.0298
  1.5630
  1.1815
  2.0939
 -0.5682
  1.0880
  1.3542
 -0.2310
 -0.5148
  0.1639
  1.2777
 -1.6706
  0.3181
  0.4550
  0.4789
  0.1088
  0.5215
 -0.1674
  0.9396
 -0.8673
  1.6550
  0.7012
  1.3521
 -0.4930
 -0.2019
  0.2257
  1.1720
  0.2476
  0.6666
  0.0710
  2.0408
  1.3418
  1.3916
  0.7812
  1.2343
  2.8982
 -0.2333
  1.0513
  2.7059
  1.6243
  1.3176
  2.4060
  0.1900
  0.1159
  1.9428
  1.9728
  1.5610
  2.0003
  0.1294
 -0.3393
  1.9090
  0.2867
  0.6402
  1.5730
  0.9015
  2.0122
  0.9615
  0.8990
  1.2529
 -0.4117
  0.6138
  1.5923
 -0.1314
  0.6463
 -0.0023
 -1.5953
  0.9388
  1.3362
 -1.2509
 -1.2966
  0.9987
 -1.4236
  1.5025
  0.2285
  1.7060
  0.7397
  0.5487
  2.5865
  0.8985
  0.1689
  1.2064
 -0.2008
 -1.3840
  0.5774
 -0.6047
  0.6939
  0.8584
 -0.1160
  1.0666
 -0.6450
  2.3351
  1.4052
  0.7294
  0.4218
 -1.3074
  0.0418
 -0.1151
 -0.0770
 -0.4368
 -0.6830
 -0.1251
  0.1572
  0.2400
 -0.5977
 -1.2113
  1.3461
  0.0661
  0.0230
  1.4549
 -0.0066
 -0.4669
 -1.4050
  1.1523
  0.8618
  2.0182
  0.1422
  1.1152
  2.0396
  4.6407
  1.2633
  1.5076
  0.6764
 -1.2458
  2.6644
  0.7665
  1.2845
  1.6450
  1.8146
 -0.2091
  0.9499
 -0.2116
 -0.5028
  0.8232
  1.7439
  1.8129
 -0.1883
  2.3021
  0.9942
  1.7011
  1.0275
  0.2516
  1.4165
  1.4362
  0.1290
  2.7314
  1.3898
 -0.9139
  1.2403
  0.3527
  0.9721
  1.5108
  0.6222
 -1.3403
 -0.0692
 -0.5027
  0.2293
  0.3919
  2.2291
  0.1828
  1.2516
  1.6865
 -0.6915
  0.9904
  0.8705
 -0.7929
  0.6878
  0.7900
  0.2593
 -0.5046
  0.7971
  1.2168
 -0.5397
  1.5547
  1.3212
  1.6769
  0.4280
  2.5956
  2.0242
  2.7758
  0.6524
  0.8592
  0.4494
  0.9375
 -0.3721
 -0.2845
 -1.6431
  0.9320
  0.6636
  1.4701
 -0.1657
  1.0496
  0.6044
  1.0227
  1.9521
 -0.3599
 -0.4871
  0.1007
 -1.3416
 -0.7875
 -0.3512
  0.4130
 -0.6369
  0.4448
  0.3808
  2.1075
  0.6384
 -0.9145
  1.0990
  0.6650
 -0.3651
  0.8883
  1.0667
 -0.1023
 -1.5665
 -1.2307
 -2.0404
  1.8122
  1.8724
  1.6846
  3.1811
 -0.0000
  0.6721
  1.0686
 -0.1130
  0.6590
  0.0611
  2.1051
  0.5119
  1.5820
 -0.0040
  1.8034
  1.8937
 -0.2167
  0.6249
  0.4276
  0.6524
  0.7446
  0.2367
  1.5882
  2.0563
  1.9290
  2.4743
  0.2387
  0.2831
  1.1262
  0.5904
  0.9077
  0.3826
  0.4572
  0.8393
  1.7457
  1.0864
  2.1395
  0.7033
  2.4183
 -1.8902
 -0.7918
  0.4299
  0.5661
 -1.2100
  0.0911
  0.0230
 -1.0184
 -1.5205
 -0.4599
 -2.0747
  0.4634
 -0.8784
  0.4403
  0.8951
  1.0019
  0.3251
  2.2364
  1.8741
  0.6378
  1.1925
 -0.2415
  2.4081
  0.6704
  2.3906
  0.1905
  0.4172
 -0.0434
 -0.7327
  0.2484
 -1.6006
  0.3018
 -0.5085
 -0.4849
  0.1822
 -0.2493
  1.7922
  1.3316
  1.8078
 -1.4712
  0.5782
  1.5760
  0.9076
  0.2369
 -1.7386
 -0.4680
 -1.0827
  0.9846
 -0.9702
  1.0352
 -0.7119
 -1.3816
 -1.1210
 -1.0350
  0.4667
  0.0669
 -1.3185
  0.8753
 -0.7780
  0.1769
  1.0233
  2.5029
 -0.7246
  1.1648
  2.6675
  0.4026
  0.9266
  1.8093
  0.0014
  0.1190
  0.3722
  2.9085
  2.6524
  2.0858
  0.9074
  0.0700
  1.4690
  0.7560
  2.5552
  2.0674
  0.8338
  2.3582
  1.9860
  0.1429
  2.2071
  0.8133
  0.6019
  0.8096
  3.4619
  1.4758
 -0.0483
 -0.2810
  1.9345
  0.0434
 -0.1922
  2.2562
  0.6638
  0.9665
  1.8556
  1.0036
  1.7423
 -0.4444
 -0.8459
  0.4620
 -0.1715
  0.6764
 -1.5345
 -0.3818
  0.4261
  1.1936
  0.6490
 -0.2063
  1.0656
 -0.4593
  0.3776
 -0.0002
  2.7203
  1.0095
  1.3506
  2.0026
  0.4156
  1.4430
 -0.4150
  1.9555
  0.0726
 -0.3243
  0.6048
  1.3693
  1.2346
  0.0627
 -1.0375
 -0.1501
 -0.4348
  0.4875
  1.2001
  0.4261
  1.7066
  1.2760
 -0.0407
 -0.1241
  0.2665
  0.2964
 -0.8825
  0.7213
  0.9371
  0.0370
  0.0658
  0.2492
 -0.1146
 -1.7164
  0.0840
 -0.6528
 -0.6584
  0.6804
  0.8775
  2.9538
 -0.9064
 -0.9397
 -0.6271
  0.4785
  0.5285
  0.9708
 -0.1876
  1.7643
  2.2496
 -0.5079
  1.8836
  0.8957
  1.5167
  1.7605
 -0.2344
  2.5421
 -0.4228
  0.7211
  1.6948
  0.1445
 -1.2011
  0.3298
  1.0876
 -0.5933
 -1.1138
 -0.7014
  1.7402
  0.5912
  0.4109
  0.3522
  1.8081
 -0.9342
 -0.6959
  1.4430
  1.8220
 -0.6833
  1.9929
  0.0383
  0.7828
  2.2689
  1.6437
  3.5126
  2.4119
  0.2112
 -0.0266
  0.7680
  0.4982
 -2.6158
 -0.5814
 -0.4984
 -0.3141
 -1.2593
 -1.2291
  1.2801
  0.5520
  0.7976
  1.3704
  0.4787
 -0.3668
 -0.1948
  1.0122
  1.4441
  0.4957
  1.5920
 -0.3108
  0.1194
  1.3083
 -1.0519
  0.6383
  1.2136
  1.1385
  1.6649
  0.6027
  1.0080
 -0.5883
  0.5122
 -1.1255
 -0.4182
 -0.4221
  2.2142
  1.9086
  1.1057
  0.8635
  0.4206
  1.5724
 -0.5363
  0.5679
  0.9200
 -0.5785
 -0.4679
  1.5679
 -1.3381
 -0.9734
  1.9041
 -1.7327
  0.0288
  0.7421
 -1.9284
  1.2027
 -1.7364
 -2.3182
  0.3145
 -2.5309
  0.1126
  0.2081
  0.0700
  0.4408
  0.3099
 -0.9952
 -1.1449
  1.7547
  0.6173
 -1.3291
 -0.8441
  0.6958
 -1.2794
  1.3024
  1.2929
  0.5182
  1.3802
  0.5259
  0.7617
  0.2457
 -1.2972
  0.4082
  3.1421
  2.3131
  0.9631
  1.7340
 -0.6498
  0.2277
  0.2243
 -0.2437
  0.8870
  0.8880
  2.3831
  0.6903
  1.3201
  1.3201
  1.0680
  0.9592
  2.3162
  1.7104
  1.5772
  2.3729
 -0.2852
  1.6135
  0.3485
  1.9241
 -0.0653
  1.0096
  0.4342
 -0.9608
  0.0231
  0.0852
 -0.1963
  1.2215
  0.4070
  1.5712
  0.0187
  1.2892
 -1.1446
 -0.7839
  0.1427
  0.6063
  1.8168
 -0.0998
  0.5051
  1.2812
 -0.1967
  1.9741
  1.5189
  0.3622
 -1.1000
  0.7341
 -0.6648
  0.7692
 -0.2280
 -0.5938
  1.5729
  0.8851
  2.8025
  0.3572
  0.3573
  1.1435
  1.6392
  1.8732
  1.1488
 -2.3921
 -0.0590
  0.6575
 -1.1814
 -0.8992
  1.0091
  1.0477
  0.1585
  1.0646
 -0.7375
 -0.5487
  0.3127
 -0.5410
  1.9615
  2.1235
  0.0733
  0.7208
  0.3454
  0.2319
 -0.8692
 -0.4478
 -0.1794
  0.9802
 -0.5258
  0.1228
  0.8461
  0.2495
  0.5634
  1.5114
  0.2150
  0.9233
  1.0723
  1.1624
  1.1008
  1.8826
  0.4425
  0.5620
  2.9467
  2.6389
  1.3155
  1.4393
  1.5799
 -0.0019
  0.2298
  0.6321
 -0.8307
 -1.4008
  0.7949
  0.9641
 -1.0295
 -0.5970
  3.0968
 -0.0168
  1.3568
  1.4122
 -0.3359
  0.8666
  0.6785
 -0.7330
 -1.3601
 -0.0147
 -0.3118
 -1.3000
  1.4497
  0.9353
 -0.1869
 -0.9714
  0.9998
  1.6483
  0.2433
 -1.1139
 -2.5569
 -0.5913
  1.7977
  1.5754
  1.0996
  0.8350
  1.1932
  1.2901
  0.3861
  1.0734
 -0.4655
 -0.0264
  0.7177
 -1.3060
  0.1460
  1.7198
  0.1870
 -2.7735
 -1.2985
  1.0230
  0.4165
  2.1750
  0.1954
  2.4973
 -0.3486
  0.4482
  1.6480
  0.8160
  0.0919
 -0.4254
  1.0955
 -0.6492
  0.2026
 -1.4999
  1.4384
  0.4681
 -0.9257
 -1.7147
 -2.5246
  0.0926
 -0.2452
 -0.4378
 -0.9803
 -1.1820
 -0.1028
 -0.6195
 -0.3900
 -0.8174
 -1.2883
 -0.3594
  0.0748
 -0.3108
 -1.7206
  0.1868
 -0.3439
  1.4403
  1.9461
  1.9956
  2.1796
  0.9509
  0.6761
  1.8649
  1.5563
 -0.5308
  1.0781
 -0.1877
  0.3570
 -0.1201
 -0.0941
  0.5303
 -0.7774
  1.9826
  2.1053
  1.0106
 -1.4758
 -0.5306
  0.3133
 -0.6305
 -1.7655
 -0.5959
 -1.3359
  1.2424
  1.6090
  3.2447
  1.3255
 -1.0877
  2.0900
  0.8215
 -0.0381
  1.6115
 -0.1425
  1.1148
  0.5374
 -0.2688
  2.0551
 -1.0620
 -0.3746
 -1.6411
 -1.7673
  2.8721
  1.1128
 -0.0151
  1.2690
  2.0674
  1.1388
  0.8877
  1.8631
  0.8026
  1.7818
  0.4553
 -0.5434
 -0.1856
  0.4484
  1.4222
 -1.1165
 -0.8478
 -1.3464
  0.0426
  1.2164
  1.3482
 -0.0287
  1.7752
  1.0850
  1.8104
  1.2963
  0.8468
  2.1019
  0.6026
  0.4922
  1.6687
 -0.9623
  0.4821
  1.3928
  0.6859
 -0.6155
 -1.4870
  0.8264
  1.1843
  2.2724
 -0.1313
 -0.5798
 -0.5305
  1.5231
  0.4801
 -0.0530
  0.4952
  1.0021
  0.4519
  0.9401
  1.1346
  1.9443
  0.4354
 -1.3614
 -0.2636
  1.7986
  0.5548
  1.4104
  1.7877
 -0.4356
  1.5723
  1.1481
  0.0287
  0.9538
  2.1557
  0.6300
  1.1442
  1.3884
  2.6236
  0.2918
  0.4192
  0.9605
  1.0108
  0.0473
 -0.3595
  1.2057
  0.9512
  0.2783
  1.3469
 -0.7479
  2.6885
  1.7795
  1.5511
  1.7046
  0.2699
  1.4941
  0.1209
  2.0815
  2.2881
  0.2995
  0.4977
  0.6139
  0.3889
 -1.5647
  0.2611
  1.1646
 -1.2061
  0.8750
  1.8458
 -1.2247
 -1.8595
  0.8801
 -0.4823
  0.9153
 -0.6160
 -0.6431
 -0.0773
  0.1348
  1.7152
  1.6877
  1.0753
  3.3871
  0.6378
  1.7731
  1.8698
  0.3064
  0.2350
  1.1651
  0.0872
  1.1022
  2.1421
  0.9280
 -0.2845
 -0.1643
  1.5056
  1.4655
  1.5593
  1.0146
  1.0397
 -0.8607
  0.9705
  1.6921
  0.0492
  3.5426
  0.6071
  2.0895
  2.0954
 -0.5580
  0.6715
  0.6434
  0.8130
  0.2129
  0.1331
 -0.6483
  0.6460
  0.7078
 -0.9100
  0.8729
  1.3329
  1.1246
 -1.6368
  0.2240
 -0.8539
  1.0340
  0.0059
  0.0645
  0.0000
  0.5199
 -0.0590
  0.4647
  0.0173
  4.1378
  0.1355
  1.3654
  2.4419
 -0.0460
  1.1231
  2.3437
  1.2047
  2.6619
 -1.5441
  0.4802
 -0.4931
  1.7857
 -0.2184
 -1.2108
  1.8622
  1.0772
 -0.9211
 -0.9186
 -1.1765
 -1.6540
  1.3813
  0.2931
  1.7008
  0.9493
  1.2573
  0.5898
  1.4629
  1.0551
  0.5578
  2.2541
  0.9273
  0.6036
  1.6944
  0.9055
  2.4639
  0.0369
 -1.0895
  1.0692
  0.9706
  0.6696
  0.6041
  0.0126
 -0.1171
  2.0664
  0.2335
 -0.8796
 -1.0240
 -0.6775
  0.8414
  1.2477
 -0.2663
 -1.2557
  0.2164
 -1.3471
 -0.0973
 -0.2849
 -0.2260
 -0.4460
 -0.4107
  1.8497
  1.1919
  0.8568
 -1.0824
  1.1103
  1.5596
  1.6055
 -0.0707
  1.3027
  0.7248
  1.4655
  0.6516
  3.1232
  1.5948
  1.2866
  0.3299
 -0.5539
 -0.3372
 -0.9842
 -0.9596
 -0.8048
 -0.4622
 -1.5663
 -0.4434
 -1.4678
  0.2319
  1.6665
 -1.8161
  1.9452
  0.2318
 -1.1870
  0.0593
 -0.5274
 -1.4261
  0.7568
  1.6505
  0.1803
  0.1272
  0.8147
  0.7327
  1.8867
  0.6276
 -0.1998
 -0.0282
  0.2524
  0.6717
  1.1783
  0.1911
  0.2504
  2.0430
  3.1902
 -0.0776
 -0.5735
  0.5612
  1.7963
  0.3605
 -0.7191
  0.5289
  1.0729
  1.2431
  0.4928
  0.5446
 -1.0114
  0.9117
  0.1206
  2.7967
  0.2064
  0.7378
  1.2409
  0.4278
  0.5523
  0.4669
 -0.5119
  1.0650
  1.1846
  2.5311
 -1.5872
  1.2682
  0.0577
 -0.0576
 -0.5702
  0.8217
  0.1534
 -0.1742
  0.8708
  1.1023
 -0.4637
 -0.1919
  0.7822
  2.0999
  2.4374
  0.9372
 -0.8196
 -0.4238
 -0.5186
  0.9497
 -0.0764
  2.1818
  0.0152
 -0.4447
  1.2797
  2.1202
  1.2519
  0.2575
  1.5332
  1.7261
  0.9660
 -0.1214
  0.9181
  0.1246
 -0.1602
 -0.7435
  1.7189
 -0.1178
  2.0524
 -0.2301
 -1.0207
  0.8019
  1.1826
  0.1397
 -0.3503
 -0.7584
 -0.7281
 -0.2079
 -0.0163
  0.0857
  0.1085
 -0.0733
  0.2882
  0.4932
  1.5389
 -0.5286
 -0.6899
  2.1208
  1.8397
  1.8054
  0.3421
  0.8193
  1.7020
 -0.5194
  0.3327
  0.8111
  2.0562
  0.8626
  1.4978
  0.6971
  2.6167
  2.5756
  2.6988
  1.3771
  0.3514
  0.6649
  0.3809
  0.1867
 -0.0770
 -0.8209
 -0.3938
 -0.5371
 -1.1823
 -2.3123
  0.1849
 -0.2595
  2.0956
  0.4296
  2.6756
  1.5995
 -0.9034
  0.1934
  0.5988
  0.6414
  0.9034
  2.3871
  1.8372
  1.0032
  1.6225
  2.5164
  0.1486
 -0.6727
 -0.4448
  0.8392
 -0.4444
  0.7762
  0.7419
  0.3942
  1.1039
 -2.0690
  0.2659
  0.9499
 -0.2231
  0.1007
  0.6660
 -1.1373
  0.3872
  0.2729
  2.0304
  0.7941
  1.5400
 -0.3539
  0.3569
 -0.6725
  1.9666
  2.9626
 -0.3704
  0.5087
  1.3855
  2.2198
  2.4327
  1.1795
 -0.6483
  1.7669
  0.2360
  0.7926
  3.4981
  0.5938
  1.9737
  0.1893
 -0.9985
  0.3177
 -0.2497
  1.5894
  0.3598
 -0.0422
 -0.0691
  1.5256
  0.6704
 -2.1057
 -0.4446
 -0.5403
 -1.2415
 -0.2026
  0.5803
  0.2313
  0.0523
  2.7597
 -0.3004
 -0.0333
  0.2566
  1.2117
  1.5982
  1.7196
  1.2698
  1.5682
  1.7852
  0.5070
  0.5743
  0.4259
  0.9208
  1.0892
 -0.8820
  1.0056
 -0.7497
  1.5424
  0.4067
  0.6596
  0.0712
 -1.7007
 -0.3741
 -1.3537
  0.4741
 -0.0667
  1.1731
  1.6158
  0.7193
  2.5951
  1.4670
  0.1722
 -0.1117
  1.0107
  0.2642
  0.0127
  1.1618
  1.7342
 -0.4463
  2.6419
  0.1945
  0.8419
 -1.6056
  0.0008
  0.3622
  0.6107
  0.3643
  1.8802
  0.6026
 -1.0512
  0.4012
 -1.7121
  0.2198
  0.6024
  1.7914
  3.7950
  0.9236
  1.7788
 -0.1673
 -1.6304
 -0.3523
  0.0050
 -0.3969
  1.5949
  0.3043
  1.7296
  1.4067
  1.7941
  2.4476
  1.9092
  0.2692
  2.2265
  0.7383
  0.9911
  0.8484
  1.7708
  0.2177
  1.9507
 -0.3868
  0.9485
  0.3335
 -0.1776
 -0.0875
 -0.1719
 -1.0789
 -0.0165
  0.7013
 -0.9552
  0.3222
 -0.4210
  1.2034
  1.3339
  0.0028
 -0.6229
 -0.1997
  0.3628
  0.2280
 -0.5728
  0.4162
  0.4965
  2.7331
 -0.1605
  1.2052
  1.4011
  0.7328
  0.9220
  1.6832
  0.8656
  1.8387
  1.2035
  0.8110
  0.4278
  1.6967
  1.6244
 -1.2180
  2.7646
  0.0860
 -0.3358
  3.0721
 -0.8138
  0.5213
 -0.0307
 -1.2004
  1.2536
  0.6195
  3.1085
 -0.8137
  0.9209
  2.0581
  0.3110
 -0.0149
 -0.3966
 -0.5084
 -0.1236
 -0.0713
 -0.2925
 -1.1347
  0.6223
  1.6695
 -0.0342
  1.8418
  0.8677
  2.3857
  0.4346
  1.5419
 -0.4648
  1.2683
  2.1043
 -0.3357
  0.6484
 -2.5766
 -0.8915
  1.8754
  0.4659
 -0.1023
  0.1483
 -0.0119
 -0.8020
  2.0537
 -1.4150
 -0.6941
 -0.1020
  0.2264
 -0.3382
  0.6309
  1.5824
  0.9447
 -0.1324
  0.7557
  0.4823
  1.4618
 -0.6722
  1.4116
 -0.1434
  1.1562
  0.7400
  1.4934
  1.3621
 -0.3221
  2.1511
  1.3660
 -0.2240
  0.9053
  0.0570
  0.4776
  1.0100
  0.5017
 -1.0324
 -0.4912
  0.8546
 -0.6501
 -0.1693
 -1.0255
  0.6689
 -1.1850
 -1.2595
  0.2101
 -0.5356
  0.6528
 -0.6043
  1.5506
  2.6271
 -0.3287
  0.4624
  1.9280
  1.7394
 -0.8694
  0.2120
  0.6048
  0.3478
 -0.4117
  1.3762
  0.9907
 -0.8272
  0.3073
  0.9041
  0.0009
 -0.4664
 -0.2371
  0.1303
 -1.0031
 -0.1272
  0.9600
 -1.2320
  1.3953
 -0.1469
 -0.2911
  2.4423
  0.4116
  0.9900
  3.3576
  0.5975
 -0.6889
  1.6307
  1.3967
  1.7393
  0.1622
  0.7890
  1.0319
  0.9039
  1.9617
 -0.2844
 -0.3611
  0.5175
 -0.4140
 -1.7529
  0.6692
 -1.9781
  0.7128
  1.1545
 -0.3046
  0.5491
 -0.3386
 -0.5100
  0.1444
 -0.5793
  1.3093
 -1.0421
 -0.0605
  0.8795
  0.3433
 -0.9889
 -1.3185
  0.6620
  0.0712
  1.5584
  1.9963
  0.4404
  1.3362
  3.6901
 -0.3199
 -0.1192
  0.4426
  2.0164
  1.1822
  1.9496
  0.4120
  1.4882
  0.4757
  1.1174
  0.6938
  0.3518
  0.3796
  1.3098
 -0.8243
 -1.9243
  2.2994
 -0.0104
 -0.2878
 -0.7197
  0.4761
 -0.9909
  0.3758
 -2.0988
 -1.6809
  0.9225
  0.0144
 -0.6099
  0.3386
  1.6657
  1.4473
  2.7297
  2.1442
  0.7553
  0.6745
  2.6484
  0.4621
  1.0683
  0.1898
  0.4845
 -2.1305
  0.6315
 -0.1220
  0.2578
 -1.7022
 -2.0767
 -0.3568
 -1.6947
 -1.1446
  0.0942
  0.0470
  2.2358
  1.4750
  0.8525
  1.3782
  1.7242
  1.6467
  1.0643
  0.5185
  1.9038
  0.8940
  0.0351
  2.3246
  1.5556
  0.8035
  1.6692
  0.4396
  4.4769
  1.7888
 -0.1205
  1.6984
  2.0698
  0.8837
  0.7553
 -1.9890
  0.6949
  0.2295
 -0.0593
  0.9122
 -0.3009
  0.0198
  1.4543
  0.5160
 -0.9350
 -1.0331
 -1.0056
 -0.1024
  0.6146
 -0.8663
 -1.1514
 -2.0480
 -1.3691
 -0.9955
  0.4927
  1.4107
 -0.9475
  2.4940
  2.2275
 -0.6705
  0.5120
  1.4465
 -1.8287
 -2.4410
 -0.2625
  0.7461
  1.5526
  0.2513
  1.5087
  0.4185
  0.1956
 -0.1789
  0.8815
  0.2889
 -1.1592
 -1.1133
  0.2491
 -0.3528
 -0.5482
  0.0873
 -1.0579
  0.6555
 -0.4569
  1.1158
 -0.9699
 -0.3535
  0.1991
 -0.7367
 -0.1986
  2.5957
 -0.0552
  0.9662
  1.6371
  0.0452
  0.5871
  0.8718
  1.3577
  1.8044
  0.0331
 -0.8045
  2.6733
  0.5250
 -1.3147
 -0.6681
  0.5136
 -0.0424
  2.9509
 -0.0089
  1.3850
  1.1341
  1.5861
 -1.0464
 -0.2161
  0.8173
  0.0513
  0.1353
  1.6475
 -0.6503
  1.6460
  1.7810
  0.3489
  0.6847
  1.5219
  1.1339
 -0.7325
  0.5175
  0.5016
  2.4935
  0.1017
  1.1055
  0.4356
 -0.3227
  1.0059
 -1.1049
  1.4725
  1.9796
  1.6012
  2.2939
  0.3773
  0.7816
  0.3876
  0.0905
  0.3030
  0.6097
 -0.0799
 -1.0714
  1.3108
  1.2692
 -1.4491
 -1.4146
  0.5388
  0.8587
 -0.1556
 -0.0644
  0.2185
 -0.2026
 -1.0868
 -1.0541
  0.6750
  0.0913
  2.8960
  0.6120
 -0.4947
 -0.8764
 -2.3375
  0.0821
  0.8625
  1.2608
  0.7078
  1.4241
  1.1452
  1.9344
  0.6502
  0.9904
 -0.1363
 -1.2166
 -0.2216
 -0.6417
  0.7381
 -1.1045
  0.3344
  1.5214
  0.8266
 -0.6975
 -0.7025
  1.4408
  0.2082
  1.2519
  0.2243
  1.0953
 -1.4436
  1.5251
  1.5502
  0.1758
  0.7644
  1.0260
  0.1071
  1.5152
  0.3888
  0.9749
  3.7631
  1.3041
  0.1994
  1.5945
 -1.9200
 -0.1164
  0.5832
  0.1273
  1.1672
  0.7392
  0.6612
  1.0506
  0.7579
  0.6627
  0.0111
  1.0952
  1.2410
  1.9064
  1.2124
  1.3264
  0.4543
  0.2491
  0.5180
  0.9939
 -0.9217
  0.6632
  2.1703
  1.8909
  1.4457
  1.2656
  0.6335
  0.4694
  2.7396
  1.3135
 -0.6177
  1.3653
  1.2780
  0.2040
  0.8840
  0.7988
  0.5120
  0.5859
 -0.3259
 -0.0108
  0.2815
  1.1156
  1.3802
 -1.0876
  1.6615
  1.1539
 -0.2291
  0.1744
 -1.0758
  0.1539
  0.3207
  1.4800
  2.2796
 -1.7111
 -1.0085
  1.8129
 -1.4999
 -0.4094
  0.2356
 -1.2424
 -0.5863
 -0.3939
  2.2806
  1.4341
  0.3404
  0.0422
  0.3326
  0.8412
  1.7547
  2.0467
  3.2925
  0.2535
  2.1943
  0.0224
 -1.0217
 -1.5855
 -1.3602
  0.0285
  0.1496
  1.3903
  1.1353
 -0.0269
  1.0484
  0.4365
 -0.3158
 -0.1675
 -1.8982
  3.0886
  0.8535
  1.0929
 -0.1776
 -0.4311
 -1.2962
  1.2198
  0.1717
  0.3404
  1.8743
  0.2641
 -0.6729
  3.1209
 -1.3167
  0.2565
  0.8039
 -0.1869
 -0.9401
  1.1344
  0.8696
  1.1057
  2.1742
  0.5348
  0.5264
  1.9504
 -1.7199
  1.9847
  0.5998
  2.6173
 -0.0467
  2.0665
  1.6796
  1.5095
  1.0173
  1.1920
  3.2402
  1.0237
  2.2328
  1.6592
  0.6980
  1.5845
  0.5783
  2.6010
  0.0029
  0.7022
 -0.2937
  1.5400
  0.2525
  1.8153
 -0.8929
 -0.4243
 -0.1979
 -0.3276
 -2.4956
  1.1456
  1.3251
  0.0393
  0.3283
  0.5964
 -1.5539
 -1.5245
  1.1651
 -0.3873
  0.4644
 -0.2470
 -1.8322
 -0.6315
  0.9814
  0.3860
 -0.1852
 -0.0143
 -2.3180
  1.2335
  1.4970
 -0.9655
 -0.2138
  0.4337
  1.0913
 -0.0093
  0.1433
 -0.1032
  0.8996
 -0.1951
  0.4455
  0.1065
  0.7426
  1.4072
 -0.2894
 -1.0441
 -1.6604
  0.4926
  0.1576
  1.3407
  1.2800
 -0.9168
  1.7486
 -1.7488
 -0.0182
  1.3470
  1.0349
  0.1255
  1.6362
  1.4296
 -0.1301
  1.0420
  0.7869
  0.8465
  0.8988
  1.6134
  1.0627
  1.1829
  0.5421
  0.1862
  1.5098
  0.7507
  2.1039
 -0.2606
  0.3153
  2.2701
  0.4822
  0.5783
  1.3357
  0.0330
  2.2352
 -1.5364
  1.1346
 -0.7312
  0.5404
  1.6110
  0.6950
 -0.0182
  2.0260
  1.0283
  1.8420
  0.2620
  2.4129
  1.3451
 -0.0781
  1.2677
  1.8489
  2.3972
  2.3908
  1.5708
  3.0520
  2.5403
  0.7712
  0.0461
  0.8669
  0.1310
 -0.4093
  0.5958
 -1.4363
 -0.4410
 -0.6417
 -0.4436
 -2.0495
  0.5042
  0.0570
  0.6244
 -1.4279
 -0.8186
 -1.2651
  0.2421
  0.1598
  0.3525
  0.6485
  1.3274
  2.0457
 -0.5357
  0.0296
 -0.7988
 -0.5027
  0.3328
 -0.7630
  1.5965
  0.9160
 -0.0870
 -1.0944
  1.7733
  0.7829
  0.7852
  0.6609
  1.3158
  0.1778
 -0.0915
 -0.3964
  1.5792
 -1.2953
  0.6502
 -0.2258
  1.3728
  0.5990
 -0.5334
  0.1386
  0.4469
 -0.3256
  1.0199
  0.7073
  2.0667
  1.7699
  1.2874
  0.2657
 -0.4100
  0.1803
  0.5804
  1.4055
  0.0111
  0.3264
  0.1424
  3.0684
  0.1530
  0.4575
 -0.4570
 -0.8071
 -1.1085
  0.7804
 -0.3769
  1.6507
 -0.6642
 -1.1415
 -0.9749
 -1.3107
  1.9003
  0.9407
  1.5142
  1.3973
  0.4339
  0.9401
  1.0267
  1.4933
  0.8625
  1.1322
  1.9362
  1.9916
  0.6271
  2.0667
  2.1391
  0.5136
 -0.1143
 -0.4907
 -0.0717
  0.3463
  0.2727
  0.6394
  0.5504
  0.2556
  0.6207
  0.4065
  0.6836
  2.4603
  1.9054
  0.9640
 -0.4100
  0.8968
  0.3383
  0.1916
 -2.0774
 -0.5320
  1.2723
  0.0578
 -0.7592
  2.2646
  1.2979
  0.9818
  1.7583
  0.4592
 -0.1837
  0.1604
  1.8136
  0.0782
 -0.2059
 -2.1169
 -0.0813
 -0.4820
 -0.2970
  0.8097
  0.8234
  1.4291
  0.2690
  2.1060
  0.5427
 -0.1891
  0.8239
 -1.5941
  3.2874
  0.4677
 -0.1070
  0.0177
  2.0204
  0.5323
  0.1754
 -0.1707
  3.3876
  1.4342
 -0.5878
  1.3895
  1.9137
 -1.2977
 -0.7009
  0.1937
 -0.0035
  0.3224
 -2.8941
 -0.3020
  1.3193
  0.7741
  0.5387
  1.1577
  2.8716
  2.6101
  1.2104
  2.8556
 -1.0172
  0.0243
  1.6348
  1.0482
  0.4285
 -0.1896
 -1.4156
  2.0362
 -0.2446
 -0.2349
  0.3232
  1.4948
  1.5257
 -0.3014
  0.3072
  0.2349
  1.3178
  0.0631
 -0.3064
  1.3051
  0.0416
  0.3128
 -0.0046
 -0.2702
  1.7477
  1.9460
  2.7832
  1.8657
  2.3522
  1.6165
 -0.1730
 -0.5655
  1.0532
 -0.8025
  2.1758
  1.4156
  0.1163
  1.1524
  0.9137
  0.8551
 -0.0100
  1.4772
  0.4579
  0.4876
  0.5338
  0.3912
 -0.1739
  0.3485
 -0.4219
 -0.2344
 -0.5852
 -2.5845
 -0.7903
  1.1720
  0.1977
  0.3628
  1.2447
 -1.5008
  0.2655
 -0.9282
 -0.3222
  0.5915
  1.4185
  0.9108
  0.1232
  1.3689
 -1.5137
  1.9290
  0.4253
  0.5072
  0.8117
  1.6375
  1.0934
 -0.2443
  1.7873
  1.8030
  3.0388
  1.5748
  1.5768
  1.5323
  1.8591
 -0.4260
  1.5920
 -0.3699
 -0.6282
 -0.7825
 -1.3464
 -0.2376
  1.8355
  0.1069
 -0.7044
 -0.0542
 -0.7121
  1.5210
  1.7094
  0.9637
  0.2786
  1.1053
  0.1538
 -0.9021
 -0.7895
  0.8948
  0.4275
  1.5102
  1.2940
 -0.4354
  0.2464
 -0.0647
  0.0089
  0.4430
 -0.6453
 -1.0938
  1.4767
 -1.0690
  2.4844
  1.1645
  0.6536
  0.0727
  1.4173
  1.3244
  1.6645
  2.4112
  1.7466
  1.4463
  2.6022
  1.2655
  1.2139
 -0.6171
  0.6223
  3.6917
  2.8420
 -0.1472
  1.0051
  0.4670
  2.9791
  1.5567
  1.6677
  0.5057
 -0.5116
 -2.3569
 -0.1297
  1.8901
 -0.2794
 -1.1341
 -0.5486
 -0.3043
 -0.5839
 -0.3817
  0.3127
 -0.7209
 -0.2999
 -0.7527
 -1.2488
  0.3438
 -0.9340
  1.0086
  0.7321
 -0.1372
  0.9753
 -1.7896
  0.3201
  1.4807
  1.8327
  1.0522
  1.0265
  0.5847
 -0.2252
 -0.3896
  0.8775
 -0.1468
  1.3870
 -0.2504
  0.4431
  1.4483
  0.4093
  1.4904
  0.4576
  1.2077
  1.6620
  0.8077
  1.8053
  0.7161
  2.4929
  0.5509
  0.8348
  2.2478
  1.8418
 -1.9399
 -0.2695
  0.7887
 -0.7948
 -0.2231
 -1.0391
 -1.9755
  1.8624
  0.8098
  1.2964
  1.3673
  0.8999
  0.5951
 -1.1058
  0.0333
  0.9262
  0.5710
 -0.4284
 -0.7852
 -1.3974
 -1.5191
  0.7884
  0.5349
  2.6747
  1.6850
  2.4541
  0.5391
  0.5678
 -0.3843
  1.6227
  0.0262
  0.1685
  1.0297
  1.2574
  0.5560
  1.1544
  1.0829
 -0.2152
  0.0156
  0.5524
  1.5422
  1.4950
 -0.1620
  0.2186
  1.3553
  1.4332
 -0.2974
  0.4511
  1.1137
 -1.8690
 -0.2772
  0.7924
 -0.4872
  0.0747
 -0.9092
 -0.9512
  0.0608
  1.6924
 -0.4051
  0.3471
 -0.2804
  0.4888
 -0.8382
  0.2907
  1.2709
 -1.2714
 -0.8459
  0.0931
  0.5774
 -0.6496
 -0.0372
 -0.0105
  0.1881
 -0.7229
  0.0792
 -0.1622
  1.0479
 -0.0960
 -0.1600
 -0.4500
 -1.0594
  0.6595
  0.6013
  1.0189
  1.1394
  0.5098
  1.3369
 -1.0730
 -0.2536
  3.0535
  0.7173
  2.0727
  1.4629
  0.3629
  1.9538
  1.5533
  1.7432
  0.3150
  3.0895
  0.1441
 -0.5046
  0.2766
 -0.0098
  0.7529
 -0.1762
  2.4103
  0.1211
  1.2132
  0.5893
  1.6663
  2.1484
 -0.3480
  0.9909
  0.9513
  0.7870
 -1.7721
  0.7912
 -0.2925
  1.5361
 -0.0641
  1.4937
 -0.2837
 -0.5852
  1.7148
  1.4834
 -0.5957
 -0.5563
  1.4202
  1.1139
  1.0016
  0.3591
  0.8338
 -0.0200
  0.1794
  1.0058
 -0.4821
  0.7581
  0.6138
  1.8949
  0.3902
  0.5157
  2.7695
  1.2023
  0.4279
  2.5293
  1.8040
  0.7622
  1.3580
  2.0576
 -1.4054
  0.9415
  1.5915
 -0.1176
 -0.4397
 -0.4349
  1.2321
  0.4294
 -0.9560
  0.3796
 -0.7256
  0.7133
  1.1080
  0.1468
  0.0411
  2.2929
  0.6316
  0.5853
 -0.9802
  0.9908
  0.2422
 -2.0519
 -0.8010
  0.1548
 -0.1160
 -0.1558
  0.6486
  0.7693
  0.4834
  0.0208
 -0.0795
 -1.0668
 -1.3892
  0.0797
  0.8897
  1.3288
  0.5291
 -0.5492
  1.2521
  1.6147
  0.1973
  0.8293
 -1.6394
  0.2142
  1.1838
  1.3407
  0.6382
 -0.0335
  1.5385
  0.6899
  0.9429
  0.3169
 -0.4660
  0.8745
 -0.1279
  1.3947
 -0.5098
 -0.1902
  1.1792
 -0.4725
  1.9196
  1.3379
  0.0673
  0.2855
  1.0812
 -0.1560
 -1.0904
 -0.0693
  0.0418
  1.1500
  0.1645
  0.4687
  0.8862
  1.7932
 -1.6829
  2.3866
  0.6344
  0.2574
  2.6439
  0.7563
  0.1801
  0.5222
  0.4995
  0.2530
  2.3603
 -0.1601
  1.8622
 -0.3433
  1.4434
  0.6389
  1.1026
  0.8460
  0.2153
  0.2270
  0.8038
  1.5537
  1.0169
  0.4464
 -1.5309
  1.3133
  1.8218
 -1.9623
  0.1950
 -0.5387
 -0.0226
  0.2494
  1.5253
 -1.3937
  1.2874
  2.7512
 -1.2288
 -0.0715
  0.6471
  0.1562
 -0.0432
  0.7117
 -0.3367
 -1.0532
  0.8384
 -0.1312
  0.6571
  0.5534
  0.2304
 -1.5987
 -1.9738
 -1.1655
  0.0922
  0.2188
 -0.1341
  1.1572
 -0.6883
 -0.2567
  3.1340
  1.5854
 -1.8538
  2.9004
  3.1624
  2.6021
  1.1631
  0.8688
  1.1366
  1.4786
  1.4542
  0.2267
  0.8324
  0.3476
  1.8441
  1.5986
  1.4828
  2.1348
  0.4264
 -0.2599
  0.0124
 -0.4973
 -0.0989
 -1.0021
  0.3867
 -1.2221
  0.9612
  0.6209
  0.9313
 -1.1496
  0.0493
 -0.9382
  0.6532
  0.4046
  1.7479
 -0.7891
 -0.0734
  0.4484
  0.7912
  0.8431
 -1.4191
  0.3306
 -0.8075
  1.1079
 -0.4095
  0.7746
  0.1153
  0.6681
  1.2301
 -0.1471
  2.3321
  2.0279
  1.7329
  1.5797
  1.3264
  1.0826
  1.1672
  2.1596
  0.2233
  1.0472
  1.4141
  0.3688
  3.2731
 -1.2973
  1.7902
  0.7519
 -0.6775
 -0.1660
  0.5604
  0.2420
 -0.2340
 -0.0021
 -0.2163
  2.1085
 -1.0034
 -0.8599
  0.4535
 -0.5121
  0.3242
 -0.2484
  1.7565
 -0.1810
  0.7489
  2.1222
  0.0898
  0.9413
 -0.4087
  0.1029
  0.0839
  1.0873
 -0.4155
 -0.1335
 -1.0481
  1.6287
  1.0319
  1.3821
  0.2540
 -1.0321
 -0.0868
  0.9426
  0.0244
  2.0310
 -1.4661
  1.4249
  2.4610
  1.2073
  0.8903
  2.5020
 -0.0626
  1.2325
  0.3687
  1.2880
 -0.0536
  1.2178
 -0.1083
  0.7185
  1.9836
  1.9895
  0.5832
 -0.2703
 -0.1394
 -1.3790
 -1.2633
 -0.0365
  0.0927
  0.5114
 -1.0059
 -0.1422
 -1.9468
 -0.7289
 -0.5217
  1.7765
  0.7512
 -1.8069
  0.3108
 -0.4054
 -0.7866
 -0.1028
 -0.1570
 -0.5415
  1.0934
 -0.4104
 -0.5743
  1.0649
  1.2204
  1.1739
 -0.8054
  1.1340
  1.7302
  2.4039
  0.8643
  1.7043
  1.0529
  2.3288
  3.1260
  2.0885
 -0.1631
  2.7071
  0.4836
  0.1616
  2.0697
  1.0634
  1.5721
  1.5385
  1.4192
  3.0171
 -0.8831
  0.3061
  0.4398
 -1.8922
  0.5826
 -0.8189
  1.4337
 -0.4133
 -1.2969
 -0.4322
 -1.2330
 -0.6419
  0.5336
 -0.2887
  2.4023
 -0.5586
  0.7574
 -0.7170
  0.4473
  1.0097
 -0.2260
  0.4884
  0.1430
 -0.4771
 -1.8925
 -0.4507
  0.2213
 -0.5899
  0.2818
  0.3618
  0.8276
  0.8201
 -0.8813
 -0.5491
 -1.2701
  1.7920
  2.1862
  0.7757
  0.9921
  0.9338
  0.0809
  1.6657
  1.8268
  0.6505
 -0.8575
 -0.0190
  1.3977
  1.4767
  2.6754
 -0.2300
 -0.1236
  2.0332
 -0.6538
 -0.8092
  0.3628
 -0.6275
 -0.0017
 -0.3331
 -0.0233
 -1.2726
 -1.3070
 -2.8459
  2.0920
 -1.1198
 -0.4835
 -0.5981
 -1.0269
 -1.6891
  0.5556
  0.6732
  0.2691
  0.5301
  0.2409
 -0.4941
 -0.0441
  1.5063
 -1.1230
  1.3220
  2.4981
  0.9180
  1.3256
  0.7154
  1.1433
  1.5460
  0.9967
  0.1360
  0.7045
 -0.0095
  2.5648
  0.4124
  0.7204
  2.6875
  0.2029
  0.6200
  1.0284
  1.3347
  2.7369
  0.6882
  0.2671
 -0.4818
 -0.4306
 -1.5418
 -1.0259
 -0.6642
  0.8190
 -0.4672
 -1.3631
  1.1023
  1.0422
  0.6897
 -0.6886
  0.7235
 -1.5059
 -1.0558
 -2.0258
  0.8143
  1.7396
 -1.1647
 -0.0069
  0.9067
  2.0647
 -2.2128
 -0.2625
 -0.2348
  0.0839
 -2.0861
  1.6168
  1.8230
 -0.0403
 -1.6485
 -0.1074
  0.4361
  0.1800
 -0.2912
 -0.3069
  1.0963
  0.9860
 -0.6466
  0.5590
  0.0676
  0.4222
 -0.6195
  2.6005
  1.2032
 -0.1152
  0.7673
  0.4395
  0.0525
  3.3842
 -0.1220
  2.4949
  0.2756
  1.6650
  0.0304
 -0.5331
 -0.7718
  0.7244
 -0.4942
 -0.8868
  1.4085
  1.6292
 -0.0684
 -0.6152
 -0.1432
 -1.0092
 -0.3900
 -1.6158
 -0.5118
 -1.7379
  0.8450
  0.3790
 -0.5868
  1.2743
  0.5662
  1.5342
  1.8803
  0.7103
 -0.1744
  1.3298
 -0.0455
  2.0123
  2.1661
  0.7630
  0.1299
  1.9721
 -0.8603
  0.8245
  0.7655
  2.4525
  1.7631
  1.1402
  2.0192
  2.8706
  0.5191
  0.3079
  0.7055
  2.4001
  0.4194
  1.9448
 -1.7994
  0.5777
  0.7101
 -1.9289
 -0.8867
  0.0824
  0.2545
  0.4311
  0.4522
  1.9328
 -1.1528
 -0.7003
  1.4608
 -0.9918
  0.9723
  0.7158
  0.7401
  2.3548
  0.2212
 -1.8905
 -0.5717
 -1.5334
  0.7415
  1.4221
 -1.2245
  1.2510
  0.8446
 -1.4908
  1.7167
  0.0549
  0.8011
  0.9911
 -0.9935
  0.8396
 -1.0699
 -0.5040
  0.5107
  0.1145
  0.4912
  0.8992
  1.3960
  0.6420
  1.3104
  2.3389
  1.1635
 -0.4555
  1.3552
  0.3371
 -1.5688
  0.4805
  0.1190
  2.0136
  0.8790
  1.5689
  1.8195
  0.4575
 -0.0119
  1.4426
 -1.5308
  0.2984
  0.2502
  0.1518
  1.5217
 -0.3208
 -0.1088
 -0.3128
 -0.4383
 -0.3105
 -0.0533
  1.0537
 -0.8797
  1.7778
 -0.8837
 -0.2216
  2.2416
  2.1598
  2.5002
  1.9269
 -0.6057
  1.6280
  1.4513
  2.0292
  0.5035
  0.2712
  1.6066
  0.8998
  1.2470
  0.2247
  0.4452
  0.5700
  1.1001
  1.1008
  0.9057
  0.1839
  1.4572
  0.7518
  0.6090
  1.2043
 -1.1519
  0.3261
  2.2318
 -0.1930
  1.0985
  0.8454
 -2.0136
 -0.9738
  0.6497
  0.0973
  1.6262
 -1.9708
  0.5527
 -1.0739
  0.5348
 -1.0997
 -0.5800
 -0.2207
  0.2476
  0.3391
 -1.0181
 -0.1945
 -0.5975
  1.6146
 -0.0360
 -0.3068
  0.2107
 -0.7894
 -1.8640
 -0.4169
  0.7008
  0.3655
  0.5651
  0.5329
 -0.7718
  0.4861
 -0.5814
 -0.0068
 -0.0464
  0.0665
  0.3725
  2.8042
  1.9437
  0.4936
  0.5704
 -0.7525
  1.9315
  1.6334
  1.5611
  1.8531
  1.5383
  2.1041
 -0.0387
  0.5999
  2.1075
  1.6470
  0.2429
  1.5560
  1.1470
  2.6831
  0.2161
  3.7020
 -0.4234
 -0.9785
 -0.0641
  0.0003
  0.5258
 -0.0129
  0.8594
 -0.7987
  1.1971
  1.2377
  0.2303
 -0.2817
  0.9144
  0.8039
  1.8654
  0.8317
  3.5761
  1.2835
  2.7451
 -0.3493
  3.6506
  0.9725
  0.8066
  0.2886
  1.3716
  1.0500
  1.7711
  1.2807
 -0.1342
  0.6610
 -0.7561
  0.4964
  0.5114
  0.7618
 -1.6087
  2.0261
  1.9428
  1.7669
  2.2918
  0.0332
  0.5077
 -0.9214
  0.4744
  0.7612
  1.2358
  0.2184
 -0.5395
 -1.6624
  0.6785
 -2.6201
 -0.4495
  0.8749
  0.6771
  1.2379
 -1.9280
  1.8429
 -0.6623
  0.6633
  0.0195
 -0.3562
 -1.0078
  0.3965
 -0.0235
 -0.6519
 -1.0644
  1.8561
  1.8827
  1.4523
  1.7001
 -0.5889
 -0.7120
  2.6150
 -0.9384
  0.4249
 -0.8328
  0.6025
 -0.9109
  0.2761
  1.0010
  3.0467
  0.9389
  1.1662
 -0.0887
  2.7199
 -0.3188
  2.7667
 -0.2248
  0.6690
  0.4206
  0.1420
  1.6973
  2.5447
  0.8298
  2.4594
  1.0135
  1.9832
  2.0852
  3.8609
  0.5971
  1.7439
  0.5565
 -0.4710
 -0.1555
  0.9522
  0.4270
  1.7568
  0.3076
  0.2593
 -2.3374
 -0.2197
 -2.3488
  1.1738
 -1.3928
  1.9129
  0.8371
  0.5482
  0.4787
  0.7969
  1.1788
  1.4314
  1.0995
  0.5772
  1.0942
  1.5971
 -0.1045
  0.7713
 -0.2098
 -0.1878
 -0.0188
 -0.5522
  1.6412
  0.9590
  1.5387
  0.5477
 -0.1625
  1.2712
  1.5655
 -1.1169
 -0.2504
  0.2462
  1.7831
 -1.7358
 -0.7036
  1.0210
  1.1533
  0.0875
 -1.5465
 -0.9499
 -0.7919
  0.3797
  0.9449
  1.8356
 -1.2647
 -1.1874
  0.4520
 -0.0938
 -2.2516
 -0.3261
 -0.2233
 -0.6450
  2.0489
  0.2858
 -0.4093
 -0.5503
 -1.4385
 -1.8579
  0.5549
 -0.8884
 -0.1917
  1.0477
  0.2593
 -1.0415
  0.1815
  0.2117
 -0.0686
  0.8808
  0.0470
  2.5044
 -0.6097
  1.2777
  2.2870
  0.3199
  1.7351
  2.0242
  2.1028
  1.3710
  1.4662
 -0.1187
  1.9727
  1.6029
  1.1512
  0.3591
  0.9109
  1.9073
  2.8008
  2.6560
  1.5460
  1.0783
  0.9066
 -1.1586
 -0.0776
  0.0354
 -0.1256
  0.0622
  1.9970
 -0.9491
  1.1662
  0.6183
  0.7785
  2.4502
  1.6334
 -0.8394
  1.4778
  0.2673
  0.3653
  1.0701
  0.2513
  1.1031
  1.5847
  2.1929
  1.4245
 -0.3859
  1.9877
  0.7626
 -1.7752
  1.9523
  0.8718
 -0.5655
  0.5633
  0.6976
  1.6442
  1.5483
  0.6827
 -0.0432
  0.4062
  3.5237
  1.7477
  2.3267
  0.9540
  1.6615
  2.7925
  0.4667
  1.8013
  0.6912
 -0.0821
 -1.2321
 -1.9666
  0.3609
  1.6417
 -1.3599
 -0.6310
  0.2801
 -0.0238
  0.8708
 -0.6098
  0.1117
  0.8708
  0.6512
 -0.0662
  0.1672
  0.2900
  1.4404
  0.7190
 -1.3648
  0.4860
 -0.0565
 -1.2363
  1.4457
  3.0362
  0.4919
  1.3521
  1.2877
  0.4750
  2.7448
  0.5484
  2.3284
  0.8682
  1.9640
 -0.4344
 -0.7072
  0.4137
  0.6292
 -0.5906
  0.0935
  0.6537
  1.6287
  0.4727
 -0.4705
  2.4667
  0.0063
  1.0666
  0.5820
  1.4579
  0.7289
  1.2961
  2.5506
  0.2875
  0.8416
 -0.2085
 -0.3592
  0.8128
 -1.7722
  1.1258
 -0.2726
  0.5459
 -1.0665
 -0.7349
 -1.9992
  2.4051
  0.4652
  0.1482
  1.9183
 -0.5237
  2.0534
  1.4931
  0.9052
  1.8488
  1.9809
  0.1732
 -0.0739
 -0.3123
  0.5244
  0.7965
  1.0999
  0.7354
  2.3114
  0.9648
 -0.4500
  0.7997
  0.2606
  2.7622
  0.8078
  0.0737
  2.3617
  1.2009
  2.2449
  1.1454
  0.2243
  0.8199
 -1.0971
  0.1955
  1.4960
 -0.1562
 -0.5091
 -0.8335
  0.2311
 -0.3100
 -0.3443
  2.2643
 -0.5603
 -1.5265
  0.6500
 -0.8990
 -1.0666
  0.1181
  0.5713
 -0.2804
 -0.6967
  0.4550
 -0.7567
  1.4244
  0.6333
 -0.0599
 -1.2478
  1.7776
 -1.4554
  1.1644
  0.1458
  1.9338
  3.2939
  0.9596
  0.0067
  0.4529
  1.6103
  2.1864
  1.1740
  1.0471
  0.9263
  2.8761
  1.9958
  0.5966
  0.5881
 -0.3314
 -0.2212
 -0.0230
  1.8355
  0.7936
  1.3632
  2.7717
  0.5721
  0.3583
 -0.1936
  1.6767
  1.5180
  0.7816
  0.7077
  0.1920
  1.9352
  1.1824
  0.7044
  1.0567
  0.6816
 -0.5668
 -2.8734
  1.8152
  1.5217
  0.0601
 -0.0982
  1.0049
 -0.5325
 -1.3526
  0.2557
  2.6593
  2.3461
  1.6745
  1.3303
  0.3707
  0.0605
  1.8826
  1.7895
  0.9996
  1.4209
  0.8260
  2.0267
  0.1407
 -0.8803
  0.3525
  0.2514
  1.5518
  3.0510
  1.3362
  2.2214
  0.4109
  1.5241
  2.1755
 -0.4756
  0.1818
 -0.4655
  2.4242
 -0.8267
 -0.9794
  2.1438
  1.3629
  0.6857
  0.9541
 -0.4125
  0.0619
  0.6034
 -1.1607
  2.0992
  0.5471
  0.4778
  0.5390
  0.1683
  1.4864
  0.5173
 -0.0277
  0.3716
  1.9539
 -1.7593
  0.4325
  0.0767
 -1.6166
 -1.1375
  1.1167
  0.5647
  1.9726
  0.4031
  0.4293
  0.9291
  1.7818
  1.2414
  2.6056
  1.9066
  0.2968
  0.5038
  1.7371
  1.2020
  1.0076
  0.2036
  0.2057
  0.9303
  1.0438
  2.2711
  0.4873
  0.3147
  1.2508
 -0.7386
  0.8381
  1.3598
 -0.0621
  1.8053
  0.6831
  1.4555
 -0.5853
  0.3532
 -1.7368
  2.2790
  0.6614
 -0.8643
  0.3476
  0.0192
  1.3550
 -0.0221
 -0.1939
 -1.3202
  0.2362
  2.5507
 -2.2400
  0.0163
 -0.1940
  2.6369
  1.1601
 -0.0917
  0.3585
  2.6288
  0.6612
  3.5829
  0.6776
  1.2317
 -0.8212
  0.9182
  0.7538
  0.8468
  2.1407
  2.0916
  0.3506
  0.6370
  1.8844
  0.2989
  1.9831
  1.7690
 -0.0142
  1.7071
 -0.0979
  0.5921
 -1.0877
 -0.2591
 -0.1192
  0.6119
 -0.1604
  0.8847
  2.3112
  2.3672
  2.0429
  0.2373
  1.7020
  0.5146
  0.1226
  0.7145
 -0.3320
 -0.7394
 -0.1155
  0.8220
 -2.8656
 -0.3125
 -1.0315
  0.5440
 -0.3549
 -1.1652
  0.8009
  0.1497
  0.6537
  0.9155
  3.2016
 -0.4384
  0.3339
 -0.1100
  1.1433
  0.7088
 -0.6598
  0.7762
  1.1458
  0.0642
  2.2126
  1.1639
  0.2962
  2.0178
  1.4824
  0.0249
  2.6248
  2.5233
  1.5852
  2.3267
  0.8191
  0.9973
  0.5750
 -0.2456
 -0.5668
  0.5065
  1.4876
  0.8591
  1.1850
  1.8913
  0.9896
  1.4015
 -0.0126
  0.2585
 -0.7415
 -0.7792
 -0.9080
 -1.2071
  0.0230
 -2.4561
 -0.1847
  1.0029
  2.2054
  1.7842
  2.3290
 -0.2905
  0.4917
 -0.3519
  2.7416
 -1.0177
  1.2932
  1.9323
  1.3755
  0.7414
  1.9546
 -0.1017
  0.7094
  1.1548
  0.4514
  0.7531
 -0.0746
  0.1919
 -0.5055
  1.4016
  1.2783
  1.3012
  0.8263
  2.3029
  0.4269
 -1.3226
  2.9883
 -0.3776
  1.3827
  0.6385
  1.5129
  1.0569
  1.4394
  1.2700
  1.4664
  2.1039
  0.8396
  0.7724
  0.4940
  0.4168
  3.4394
  1.6930
 -1.8066
 -0.7448
 -1.1568
  1.1043
 -0.3138
 -1.4610
 -1.3952
 -1.3937
 -0.0177
  1.0354
  0.8422
  2.1298
 -0.0157
 -0.0520
  0.9976
  2.1178
  1.2298
 -0.1663
  1.5986
  2.0715
  0.6655
 -0.0129
  0.4469
 -1.8062
  1.7767
  2.0704
  3.1114
  0.1654
  3.1167
  1.1675
  1.6402
  2.6596
  1.5045
  1.4171
  1.9969
  0.9152
 -0.4595
 -1.7809
 -1.0556
  0.4706
  1.2743
  1.7461
  1.8876
  0.7929
  0.1276
  0.8848
  3.0655
  2.3857
  2.4022
  1.0778
  0.4821
 -0.5569
  0.8440
 -0.2530
  1.0220
  0.8689
  1.7864
 -0.4671
 -0.4158
  0.9217
  0.8659
  0.1101
  1.5543
  1.7426
  0.6851
  1.3159
  1.2964
  0.8115
  1.2477
  1.9245
  0.5888
  0.0473
  0.4629
  1.7692
  0.0128
  0.3681
 -0.0145
 -0.3195
 -0.7533
  0.3479
  2.2645
 -0.9712
  1.4569
  2.0601
  1.0863
 -0.9583
  1.3606
  0.9370
 -1.0785
  1.1226
  2.4091
  1.4620
 -0.3503
  0.8848
  2.4002
  1.6424
  0.2620
  1.8617
  2.5300
  3.0005
 -1.5915
  2.0563
 -0.7669
  0.7008
  1.4222
  1.7879
  0.8176
 -0.2729
  0.4969
  1.3067
  0.8078
  0.4442
  1.3717
  1.6234
  0.7852
  1.3541
  0.8162
  1.6322
 -0.0875
  1.8238
  0.1807
  0.8250
  2.3860
  0.4648
  2.0181
  2.2088
  0.3221
  0.6401
  0.1299
 -0.1998
 -1.1023
  1.8496
 -0.1814
  2.1868
 -1.0986
 -0.7129
 -0.2885
  0.1864
  0.4363
  0.0578
  0.8682
  1.0330
  0.3281
  1.6545
  0.8548
 -0.3302
  2.5085
  0.9887
 -0.7300
  0.5193
  0.5745
 -0.0715
  0.9361
  1.6869
 -0.6209
  0.0569
  1.4783
  1.8422
  2.8073
  1.6954
  1.5393
  1.8066
  2.2483
  2.4179
  0.1006
  1.8085
  0.3697
  2.5552
  0.2439
 -1.7455
  0.5191
  2.1053
  1.7140
  0.5037
  0.9079
 -0.2739
 -0.4462
  0.5953
 -0.0875
 -0.2572
  1.0707
  2.2568
  1.6424
  0.2564
  2.2654
  2.5224
 -0.9397
  1.0906
  1.2586
  0.8715
  2.6548
  1.7738
 -0.2823
  1.4004
  0.3161
  3.7019
  2.4087
  3.5276
  1.1414
 -2.0927
 -0.5732
  1.4016
  2.4132
  0.0382
 -0.6262
  2.8688
  0.8210
  2.5827
  2.1605
  0.3908
  1.9893
 -2.0397
  2.0427
  0.6536
  1.5885
  0.6643
  1.4345
  2.0935
 -0.3838
  0.3087
 -0.5504
  0.5335
 -0.1382
  0.4680
  0.3849
 -2.5514
 -1.5377
 -0.3971
 -0.1601
  1.3828
  1.7277
  1.4583
  1.5161
  1.1622
  2.0661
  2.1292
  0.0044
 -1.4473
 -0.7931
 -1.6190
  0.4809
 -1.6652
  1.0081
 -1.3866
 -0.5566
  0.7950
 -0.0094
 -1.4374
  0.4977
 -1.6921
 -0.0309
 -0.4680
  1.7980
  1.8789
  1.2792
 -0.1198
 -0.0830
  1.6186
  0.7868
 -0.0088
  0.4496
  1.5473
  2.8741
  0.0586
  0.3377
  1.2518
  1.6952
  1.2943
  2.2865
  0.5218
  0.0577
  1.1255
  0.1215
 -0.7247
  1.7781
  0.7834
 -1.1465
 -0.9035
 -0.6152
  3.5951
  2.0457
  0.1277
  0.1978
 -0.2624
  0.4073
  2.1105
  0.8708
  1.0649
  1.8453
  2.3927
  2.4552
  1.7728
  2.3556
  1.1943
  0.9894
 -0.2268
  1.2185
 -0.6336
  2.2817
  1.2364
  1.3369
 -1.0040
  1.3971
  0.5499
  1.4408
  2.0269
 -0.3123
  1.7283
  1.9062
 -0.1382
  1.3675
 -1.2599
  0.8864
  1.0824
 -0.1651
  0.2770
  0.8174
  1.5959
  2.2754
 -0.7358
  1.9965
  3.2023
  0.5272
  0.4233
 -0.5924
 -1.9205
 -1.4772
 -1.2070
  0.0516
  0.8794
  2.8627
 -1.2011
  0.1484
 -0.2973
  0.6361
  0.4279
 -0.9844
 -0.8717
  0.5139
 -1.1109
 -0.0628
  1.1003
  1.3237
  0.2620
  0.7842
  3.2762
  0.6984
  0.1812
  0.1593
  0.4195
  1.8723
  0.6160
  1.1012
  0.9497
  3.1727
  1.0809
  0.3595
  0.1616
  0.5335
 -0.7293
  0.8295
 -0.3565
  2.5550
  1.4017
  2.6955
  1.3820
  1.8544
  1.6116
  1.0413
  2.4931
  2.3058
 -1.0172
 -0.1015
 -0.8356
  1.2927
 -1.1277
  0.6627
  0.0953
  1.2012
 -0.9634
  1.6146
  0.9587
 -0.5620
 -0.1586
  2.0034
  0.7296
  1.4347
  1.3171
  1.3805
  1.9071
  1.5903
  0.0513
  0.7894
  0.6318
  1.6109
  1.1493
  1.1562
 -0.4095
  2.6911
  0.4682
  1.4386
  1.0540
  0.7904
  1.2928
 -0.4302
  0.3031
 -0.9125
  1.6658
  1.1929
  1.9077
  1.4130
  1.0021
  1.9525
  2.7609
  0.3304
 -0.9063
  1.8720
  0.8363
  1.6236
  0.7375
  2.0815
  0.9570
 -0.3423
  1.5206
  2.2356
 -0.9859
 -0.5213
  0.2971
  0.8297
 -1.2778
 -0.6695
  1.0294
  0.2878
  1.3149
 -0.6401
 -0.7984
 -0.1869
  0.6261
  0.5621
 -1.1915
  0.4557
 -0.4337
  0.7420
  0.7364
 -0.8170
  0.6208
 -0.2054
  1.4715
 -0.3487
  0.8129
  0.0725
  2.2333
  0.4630
  1.9997
  0.7689
 -0.2283
  1.6911
  0.4627
  1.3006
  0.6752
  1.2714
  0.4522
  1.5202
  0.3381
  0.7460
  0.6634
  1.2539
  0.5474
  1.3246
  0.5679
  0.6545
  0.9754
  1.8302
  2.8653
  2.2761
  0.2459
  0.2422
 -0.0547
 -0.1661
  0.1796
  0.9097
  1.8410
  1.7654
  1.7344
  0.0340
  0.8955
  2.2704
  1.0818
  1.8021
  0.8768
  0.4412
  2.1166
  1.2156
  1.6085
 -0.1821
  0.0681
  1.5657
  2.2373
  1.4264
 -0.7371
  0.0192
  1.7881
 -0.0272
  2.3230
  2.0493
  2.3929
  0.2850
  1.9886
  1.0253
  3.5733
  2.4045
  1.3202
  0.9075
  3.2705
 -0.0236
  1.1770
  0.7559
  1.9281
  2.4545
  0.4942
  2.0598
  0.3893
  0.5199
 -0.4951
 -1.1558
  0.2130
 -0.7820
  0.2241
 -0.1810
 -0.8585
 -1.6114
  0.6884
 -0.4772
 -2.5293
  0.0550
 -0.0010
 -0.2301
 -0.3899
 -1.9274
  1.3185
  0.9857
  0.1351
  0.4756
 -0.5660
 -0.0247
 -0.1681
  2.8950
  0.8313
 -0.1904
  1.3659
  2.0753
  2.4624
  1.8682
  1.0907
  0.4394
  0.6438
  1.1707
  1.4323
  1.1544
  0.9701
  0.3714
  1.0603
 -0.2656
  0.9214
  0.5593
  0.8895
  0.5018
  0.8293
  0.4917
  0.2691
  1.0417
  0.0207
  2.4349
  2.4158
  0.7528
  2.2290
 -0.2650
  0.6712
 -0.4558
 -0.0514
 -0.1629
 -0.9351
  1.3515
  1.4886
  2.2013
 -0.7325
  0.4300
  0.0924
  2.3328
  2.6163
  0.7464
  2.1073
  1.9554
  1.7701
  0.8924
  1.3298
  2.2875
  0.8607
  0.6487
  1.1655
 -0.8991
  1.4793
 -0.1733
  0.9266
  1.2021
  1.4748
  2.2099
 -0.3016
  2.1656
  0.9316
  0.9834
  1.3019
  2.7277
  3.5947
  1.1527
  1.4152
  0.2894
  2.1302
 -0.3782
  1.0189
 -0.1522
 -1.3880
  1.0820
 -2.5384
 -0.8672
  0.8633
 -0.6849
 -0.6449
 -0.7962
  0.8690
 -0.7484
  0.5138
  0.8376
  1.2029
 -2.8677
  1.3620
 -0.1583
  0.2792
  0.2404
 -0.9063
  0.9363
 -0.7369
 -1.5827
  0.5527
  0.8685
  1.0648
 -0.1257
  0.2490
  0.2817
  1.2099
  1.1844
  2.2103
  0.6807
  1.8861
  1.0110
  0.6726
  1.6519
  1.2776
  0.3156
 -0.9928
  1.0844
  0.9551
  2.0562
  1.4274
  1.3785
  2.6227
  1.1352
  1.0050
  0.9654
  0.3774
  1.1710
  1.7877
 -0.1212
 -0.5277
  0.2149
  1.7243
 -0.1763
  0.2273
 -0.3153
 -1.0668
  0.8789
  0.0354
 -0.7653
  3.5419
  1.4534
 -0.1571
  1.2217
  2.2238
 -0.1360
  1.7644
  1.3325
 -0.4009
  0.9956
  1.2473
  0.8494
  0.9185
  0.5906
  1.5161
  0.2358
 -0.6289
 -0.7384
  0.1658
  2.0541
  2.5633
 -0.5871
  1.2303
  2.4515
  2.2904
  0.9250
 -0.5528
  1.3179
  1.0425
  2.3094
  0.1324
  0.9304
  0.7051
  1.9657
 -0.2327
  0.9453
 -0.8730
  1.2341
  0.7887
  1.7608
  1.6215
 -0.2927
 -0.0868
  1.9111
  0.3967
  0.4353
 -0.2920
 -0.0651
  0.1005
 -0.6044
 -0.8784
 -0.7343
  0.3699
  0.4422
 -0.2137
 -1.2593
  0.4307
 -1.3048
  0.9015
 -1.6494
 -0.6965
 -0.0722
  1.7557
  0.3961
 -0.7478
  1.2945
  1.6812
  1.3610
  0.9619
  0.4514
  1.8709
  0.9140
  1.6183
  1.5050
 -0.5750
  1.3534
  0.7106
 -1.9732
  2.1827
  1.4108
  2.1082
  1.0609
  1.8037
  1.5609
  0.3914
  0.4252
  0.9675
  2.7937
  2.0040
  2.9681
  0.2671
  1.8210
  1.5407
 -0.1238
 -0.3322
 -0.5009
 -1.5863
 -0.1066
  0.5240
  0.0128
  1.0312
 -0.0881
 -0.5103
 -0.2339
  1.9325
  1.3871
  2.1985
  0.9863
  1.0421
  1.3066
  1.0570
  2.4449
  1.1961
  1.2329
  1.1702
  1.7812
  1.0046
  1.6029
  1.6685
  0.3201
  1.6332
  1.0229
  2.0810
  0.7492
  1.1153
  0.9258
  0.7754
  1.1067
  0.2447
  1.1502
  0.8803
 -0.2724
 -0.0114
  2.2572
 -1.0731
 -0.1201
  1.8158
  1.8899
 -1.0971
 -1.5086
  0.0558
  1.6533
 -0.1962
 -0.1348
  0.7536
  1.2970
  1.2368
  0.2444
 -1.7988
  1.3968
 -0.6518
  0.2085
  0.8217
 -0.6529
 -1.4244
 -0.5268
  0.4976
 -0.9066
 -0.0493
 -0.8449
  1.3101
 -1.1616
 -1.9163
 -1.5777
 -0.3451
 -0.4210
  0.6731
  1.6048
  1.6151
  0.3027
  0.9852
  0.1670
  1.9296
  2.8052
  0.6984
  0.3045
  2.9606
  1.1189
  1.2361
  1.1036
  0.8996
 -0.2447
  0.5598
  0.0508
  0.7789
  1.0315
  1.9231
  1.2261
  1.7009
  0.5565
  2.4648
  2.2413
 -0.2948
 -0.1337
 -0.1466
 -0.7480
 -0.8790
 -0.1624
 -0.4288
  1.2677
  0.2821
  1.4182
  1.5142
  1.1682
  0.9539
  3.7675
  1.3929
  1.5750
 -2.1483
 -0.4490
  0.0554
  0.6307
 -0.5958
  2.0325
  1.5641
 -0.1036
  1.7099
  1.8199
  0.5303
  1.8601
  0.4553
  2.5275
  0.3289
  1.7261
  1.4888
 -0.8172
 -0.1705
  1.6354
 -0.0622
  1.9866
  1.1522
  1.2288
  1.3147
  1.3378
 -0.0084
  0.0624
  1.4436
  0.9165
 -0.3476
 -1.2034
 -0.5851
  0.2402
 -1.4041
 -0.2351
  1.2286
 -0.3182
 -0.8288
  0.9644
 -1.3051
  0.5747
 -1.1071
 -0.4599
 -0.1104
 -0.0320
 -0.1430
  0.7527
 -0.0126
  0.1632
  0.4571
 -0.6446
  1.1446
  0.7786
  1.1864
  0.0749
  0.2789
  1.1011
  0.8180
  0.6706
  0.9353
  0.8045
  1.0628
  0.9694
  0.8275
  2.1853
  1.2568
  0.0967
  1.3937
  1.3563
  1.9184
 -0.3573
 -0.2029
  0.8435
  1.7639
  1.7224
  0.2113
  0.4601
  2.9815
  1.0939
  2.1098
  0.4816
  0.8236
  2.0968
  0.0832
  0.7878
  0.0052
 -0.2382
 -0.6540
  0.6729
 -0.6162
  1.2724
 -1.8365
 -0.8652
 -0.1780
  1.3890
 -0.4402
  1.2693
  2.7102
  2.2037
  1.6514
 -0.0174
 -0.3569
  0.6363
  2.3369
  0.3380
 -0.7168
  0.5091
  1.1793
  0.2325
  0.7437
  0.5871
  3.0322
  1.3850
  1.4549
 -0.0516
  1.6257
  1.4175
 -0.0178
 -0.0532
  0.2500
  1.2686
  0.8772
  1.7521
  2.2113
  0.0233
  1.0534
  0.9221
  1.7986
  0.6301
  2.3112
  2.2666
  0.9844
 -1.8344
  0.2634
  0.7792
  0.3276
 -0.7662
  1.8076
 -0.0592
 -0.6122
  1.6886
  0.2688
  0.9392
  1.5567
 -0.2133
  0.9774
  1.2162
 -0.0234
 -1.0974
  0.5614
  0.6830
  0.1502
 -0.0170
  2.0480
 -1.5526
  1.0818
 -0.6424
  0.6186
  1.4146
  0.3376
  2.2755
  0.8659
  1.4737
  1.1523
  0.1744
  0.7196
  1.3679
  2.3143
  0.0322
 -1.2119
  0.5105
  0.2998
  1.5807
  2.3680
  0.7474
  1.3036
  1.2541
  0.7639
  2.5900
  1.4443
  0.0839
  1.1287
  0.4348
  0.0187
  0.2361
  0.3870
 -2.2344
 -0.5336
 -2.1278
  1.0904
  0.0883
  0.1665
  0.1070
  1.9043
 -1.0906
  2.6477
  0.5150
  1.2010
  0.6288
  1.3770
 -0.0298
 -0.2496
 -2.0294
  2.2656
  0.3766
  0.0785
 -0.3721
  1.1381
 -0.3518
  1.9479
  1.0856
  1.4941
  1.5675
  2.6301
  0.6128
  1.3585
  0.8999
  1.1392
  1.9187
  0.5566
  2.8456
  1.1555
  2.6582
  1.8947
  3.0193
 -0.6510
  2.8785
  1.8772
  0.4844
  0.8612
  1.8900
  0.7892
  1.1272
  0.8738
 -1.7467
 -1.6843
  1.1454
  0.3550
 -0.1279
  1.4295
 -1.5281
  0.6976
 -0.4138
 -1.6031
  0.0238
 -0.9090
 -0.8296
  0.0698
 -0.7664
  0.1257
  0.0856
 -0.7663
 -0.1730
  0.0501
 -3.8309
 -0.9095
  1.5877
 -2.0618
  1.1629
 -0.5346
  1.4843
 -0.4801
  0.3676
  1.2108
  0.1150
  2.2080
  0.1186
 -0.9722
  2.8580
  3.1546
  0.2030
 -0.2574
  0.7604
  1.4307
  1.9173
  1.9908
 -0.4139
  2.0059
  1.5550
  0.9829
  1.7817
  1.2896
  0.9617
 -0.4163
  2.0566
 -1.1827
  0.1315
  0.6947
  2.3832
  0.9718
  2.9559
  2.1636
  1.4657
 -0.4206
  1.0273
  1.6162
  0.1423
  0.8409
  1.2249
  0.1738
 -0.7658
  1.4246
 -0.5914
  0.9685
 -0.2473
  0.6403
  0.1202
  2.8305
  1.8404
  0.7195
  0.8450
  0.8665
  0.3925
  1.2819
  1.2943
 -0.0692
  0.7312
 -0.5107
  2.2792
  1.3112
  1.0806
  0.8045
 -1.4517
 -0.2039
 -0.9176
  0.0259
  1.9817
  0.8717
  1.9949
  1.2515
  1.4779
 -0.7946
  0.7333
  1.1782
 -0.5233
 -0.8781
 -0.4868
 -0.0270
  1.1296
  1.9269
 -0.9078
 -1.3374
  1.3696
 -0.6361
  0.9839
 -0.5358
  0.2322
  1.2186
  0.1677
  0.6237
 -1.3246
 -0.3518
  0.2687
  1.9992
 -0.9640
 -2.0997
  0.4358
  0.3715
 -0.3563
  1.2112
  1.7338
 -0.3579
  0.7963
  0.8509
  0.6421
 -0.7729
  1.4243
  0.0560
  0.7998
 -0.4061
  1.3181
  1.7719
 -1.1845
  2.0268
  1.3099
  0.5721
  0.0975
  1.6786
  0.9948
  0.7494
  1.3049
 -1.3067
  1.1929
  0.6630
 -0.4178
  0.1025
  0.7211
  1.5472
  1.9725
 -0.0345
 -0.6443
  0.2606
  2.9546
  0.7146
  0.6745
  2.6818
  1.5451
  0.9759
  1.2438
  0.1962
  0.9226
  1.2769
 -0.9054
  2.0040
  0.8901
  1.7423
  2.9928
  0.9216
  1.4177
 -0.2905
 -1.6977
 -0.2272
  1.0012
  0.2904
  0.2847
  1.2466
  0.5009
  0.5594
 -0.1132
  0.7887
  0.2414
  0.7482
 -0.4766
  1.7148
  0.2320
 -1.1026
  1.4615
  1.3828
 -0.2220
  2.2326
  0.1381
  0.4174
 -0.1928
 -1.5015
  2.1823
 -1.0653
  1.2535
 -0.7977
  1.3084
 -1.9015
 -0.0804
 -2.2161
  1.0539
  0.1006
  0.0073
  0.2243
 -1.5358
 -1.1566
  0.4239
  0.1690
 -2.0356
 -1.3256
 -1.2699
 -0.7795
 -0.5868
  0.8906
 -1.7456
  0.0718
  0.4217
 -0.9233
 -0.0315
  2.0930
  1.3776
  1.2565
  1.4343
  1.7304
  1.2928
  0.1174
  2.0467
  2.0676
 -0.6263
  1.4146
  1.4532
 -0.2551
 -0.2052
 -0.8354
 -0.1847
 -2.1156
  0.3712
 -0.5154
 -1.5088
 -0.9444
  0.4847
  0.2197
 -0.2735
  1.4136
  1.3569
 -0.3926
  2.3640
  2.0387
  0.5395
  0.6080
  2.3219
  2.1205
 -0.2748
  1.3583
  0.8915
 -0.0852
  0.1396
 -0.1253
  0.3358
  0.6581
 -1.5193
  0.2624
  0.8750
  0.5877
  1.8113
  1.7156
 -0.1321
  0.9006
  1.8299
  1.0458
  0.1625
 -0.6689
 -0.5542
  0.4071
  0.5860
  1.2610
  1.5487
  1.9484
  1.2479
  0.1724
  1.1571
  2.3641
  3.2412
  0.4163
  1.1510
  1.3440
  2.0566
  1.7983
  1.3582
  2.7131
  0.5872
 -1.8136
 -0.5520
 -0.6063
 -0.7519
  2.2885
 -2.7624
 -1.1484
 -0.5734
 -1.2779
  0.4022
 -0.3527
  2.9046
  0.7530
 -0.3082
  1.6597
 -1.0119
 -1.0430
 -0.0119
  0.5274
  1.8101
 -0.1875
  0.1456
  0.4268
  1.1257
  0.4969
 -0.6699
 -0.3003
  2.6721
 -0.7229
  1.8091
  1.7066
  0.3501
  0.5784
  2.1265
 -0.0519
  1.0547
  3.0125
  0.9430
 -0.0821
  1.7452
 -0.9120
 -1.4981
  0.0498
  0.0212
  0.9317
  2.5221
 -0.5227
 -1.2694
 -0.5955
 -0.9830
  1.2788
  0.0168
  1.4585
  0.5513
  0.2314
  1.4177
  1.2202
 -0.8995
  1.2640
  1.7321
  1.8585
  1.3984
 -0.8614
 -0.7038
 -0.2470
  0.1571
 -0.0277
 -0.2841
 -0.3932
  0.0244
 -0.0089
  0.1567
  1.1270
  2.0694
  0.1430
  3.2303
 -0.6483
 -0.4757
  0.8070
  3.1268
  2.9646
  1.5943
  1.0870
 -0.1138
  1.6221
  1.7954
  0.7984
  0.2214
  2.1570
  3.5287
 -0.9524
  2.4734
  1.2707
  1.2699
  1.3358
 -0.6994
  2.7280
  0.6274
  2.7493
 -0.7191
 -0.4697
  0.4051
  1.3262
 -0.6113
 -0.7692
 -0.3166
 -0.5609
  1.1756
 -1.6216
 -0.8135
 -1.1552
 -0.6612
 -0.1363
 -0.2526
  1.1955
 -1.4716
 -0.4652
  1.7492
 -0.0201
 -0.0116
 -1.4242
 -0.4995
 -0.3115
 -1.2125
  0.5780
 -0.0437
 -1.0758
  0.1629
 -1.5336
  0.2630
  1.5366
  2.4515
  1.7889
  1.1686
  0.2914
  2.0238
  0.1669
 -0.1130
  0.6544
  1.5652
 -0.8881
 -1.7818
 -0.4497
 -1.1852
  0.5483
  1.1342
 -0.3453
 -0.0073
  0.4535
 -0.8098
  0.9184
  2.3778
  2.4125
  0.4540
  1.2443
  0.1279
  1.8489
  2.0308
  0.3099
  0.4955
 -0.6419
  0.9874
  1.5724
  1.9875
 -0.2719
 -0.5782
 -0.5712
 -0.1881
  0.1067
  0.6983
  2.4521
  1.0355
 -0.7590
 -0.0025
  1.8534
  3.1972
  1.4240
  0.5526
  1.3436
  2.0069
  0.3319
  0.5100
  1.8645
  0.7004
  1.3077
  0.1095
  0.2798
  1.4472
  0.7224
  1.8775
  0.8817
  0.5132
  0.6116
  1.6772
  1.1585
  3.2538
  2.3467
  1.2920
 -0.8726
  0.4438
  0.2226
 -0.7910
  0.6223
  1.1469
  0.2907
 -1.4775
  2.2753
 -0.1665
 -0.6647
 -0.4018
 -0.3716
 -0.9036
  2.0191
 -0.5720
  0.2666
  0.0533
 -0.5168
 -0.9268
  1.6993
 -0.5090
 -1.6446
 -0.2711
 -0.4766
 -0.2625
  0.1989
 -1.8224
  0.1569
  0.4491
  0.7869
  2.0635
  0.2618
  1.2936
  0.5267
  1.6318
  2.0094
  1.3112
  1.4698
  1.7239
  1.5535
  0.4193
 -1.2681
 -0.3643
  0.4154
  0.6628
  1.2838
 -1.1801
  0.1762
  1.7080
 -0.9267
 -1.9458
  0.3239
  2.9242
 -1.0681
  0.7165
  1.4305
  2.0130
  2.9180
 -1.1842
 -0.5184
 -0.4488
 -0.5468
 -1.1370
 -0.8240
 -1.4765
 -0.0657
 -0.0152
 -0.5404
  0.0706
  0.7630
  2.0074
  1.6130
 -0.5120
  2.0299
  0.7063
  0.4875
 -0.6537
  2.7704
  1.0621
  1.2433
  1.2571
  1.1764
  1.1771
  0.5755
  1.9833
 -0.8436
  1.7422
  1.4819
  0.0651
  0.1537
  0.9760
  0.8924
  2.1472
 -0.2993
  1.8130
  1.1245
  1.2744
  1.4575
  2.3975
  0.0350
  0.3960
  2.1802
 -0.6564
  0.1246
  0.3150
 -0.8214
  0.5516
  0.1072
  1.4430
 -0.4585
 -0.7405
 -2.2627
 -1.9521
 -0.6212
 -0.2661
 -0.8953
  2.5564
 -0.3373
 -1.2389
  0.1745
 -0.7743
  0.7624
  1.1186
 -1.0424
  0.6071
  2.2983
 -0.1568
 -0.2525
  0.2871
  2.1048
  0.6880
  0.7486
 -1.1339
  1.5712
  0.4554
  2.0859
  0.9036
  1.1834
  1.7656
 -0.2090
  1.0019
  0.7163
  0.2709
 -0.2506
  0.8893
  2.0626
  0.0921
 -0.0846
  0.2871
 -1.2615
  2.0643
 -0.2493
  1.1729
  1.4805
  1.4131
  2.2189
  1.8079
  2.2696
  0.6160
 -1.5983
 -0.6326
  1.3534
 -0.8582
 -0.0815
 -0.3097
 -0.9566
 -0.2276
 -0.2405
  0.7082
 -1.8349
  1.1804
  0.6494
  0.3812
  2.1248
  1.9831
  1.0739
  0.1025
  0.0049
 -0.2311
  0.9824
  1.7964
 -0.9846
  0.1136
  1.9111
  1.0937
  1.3608
  1.0490
  2.0613
  1.4478
  1.6952
  1.4675
 -0.1030
  2.9059
  1.1954
 -0.2487
  1.0003
  2.1038
  1.5679
  2.4823
 -1.1418
  1.3470
  0.4516
  0.6959
 -0.3821
 -2.6844
 -1.6384
  0.4196
  1.3446
  0.9196
 -0.1827
 -0.1170
 -0.4698
 -1.1287
  1.4713
 -1.7572
  1.0908
  1.6243
 -0.4250
  1.1985
 -0.3019
  0.6648
 -0.2334
  2.9474
  0.6299
  0.3328
  0.7553
  1.5728
 -0.4991
 -0.2874
 -0.0796
  1.2476
  0.6851
 -0.0693
  1.1194
  1.4506
  1.3895
  3.2225
  1.2900
  2.2048
  0.9049
 -0.2550
  0.0207
  0.5384
 -2.0797
  0.1939
  1.0153
  0.2155
 -0.5543
  1.0344
  0.3880
  1.7404
  0.2201
  1.5336
  0.1880
  0.9953
  1.1569
  0.9228
  0.8792
  0.4196
 -1.7004
 -0.5576
  0.3069
 -0.9890
  0.1553
  2.4138
  0.4023
  0.2618
 -0.8701
  1.4772
  0.5117
  0.1192
  0.2058
  1.3298
  1.7365
 -0.8802
 -0.0480
 -0.2624
  0.0831
  1.0553
  0.6970
  1.4467
  1.9340
 -0.5254
  0.7580
  1.0710
 -0.3951
  1.5098
  0.7413
  0.3566
  0.6969
  0.3524
  0.0357
  0.9793
  1.5768
  0.3410
 -0.2764
  1.7445
 -0.1505
  0.6216
 -0.0821
  0.6125
 -1.4823
  1.4641
  0.4071
